0	0	0
1	0	0
2	0	0
3	0	0
4	0	0
5	0	0
6	0	0
7	0	0
8	0	0
9	0	0
10	0	0
11	0	0
12	0	0
13	0	0
14	0	0
15	0	0
16	0	0
17	0	0
18	1	1
19	4	2
20	0	0
21	0	0
22	6	6
23	0	0
24	0	0
25	12	6
26	1	1
27	0	0
28	0	0
29	1	1
30	1	1
31	0	0
32	0	0
33	4	2
34	0	0
35	0	0
36	4	4
37	0	0
38	2	2
39	0	0
40	0	0
41	0	0
42	0	0
43	0	0
44	0	0
45	0	0
46	3	3
47	0	0
48	0	0
49	0	0
50	0	0
51	2	2
52	7	7
53	16	14
54	0	0
55	0	0
56	2	2
57	0	0
58	0	0
59	0	0
60	1	1
61	0	0
62	0	0
63	0	0
64	0	0
65	1	1
66	1	1
67	1	1
68	0	0
69	5	5
70	0	0
71	1	1
72	0	0
73	0	0
74	0	0
75	0	0
76	16	5
77	16	16
78	0	0
79	7	6
80	4	2
81	0	0
82	0	0
83	3	3
84	16	7
85	0	0
86	5	5
87	0	0
88	0	0
89	2	2
90	1	1
91	15	6
92	0	0
93	0	0
94	1	1
95	7	5
96	8	4
97	0	0
98	0	0
99	0	0
100	0	0
101	2	2
102	18	17
103	8	6
104	0	0
105	1	1
106	7	5
107	0	0
108	5	5
109	0	0
110	5	4
111	0	0
112	0	0
113	0	0
114	0	0
115	0	0
116	12	6
117	0	0
118	0	0
119	21	20
120	6	6
121	2	2
122	0	0
123	0	0
124	0	0
125	0	0
126	1	1
127	1	1
128	0	0
129	5	4
130	10	7
131	1	1
132	12	11
133	4	4
134	10	4
135	0	0
136	1	1
137	0	0
138	0	0
139	0	0
140	0	0
141	0	0
142	6	6
143	0	0
144	0	0
145	0	0
146	1	1
147	1	1
148	18	12
149	18	9
150	3	3
151	1	1
152	15	10
153	0	0
154	1	1
155	13	5
156	1	1
157	1	1
158	1	1
159	1	1
160	0	0
161	7	4
162	0	0
163	0	0
164	8	8
165	0	0
166	0	0
167	0	0
168	0	0
169	0	0
170	0	0
171	0	0
172	0	0
173	0	0
174	0	0
175	0	0
176	1	1
177	0	0
178	6	6
179	1	1
180	15	6
181	0	0
182	0	0
183	0	0
184	0	0
185	0	0
186	0	0
187	0	0
188	5	5
189	1	1
190	24	17
191	8	8
192	0	0
193	0	0
194	0	0
195	0	0
196	0	0
197	0	0
198	2	2
199	0	0
200	11	5
201	0	0
202	0	0
203	0	0
204	0	0
205	12	5
206	0	0
207	7	6
208	1	1
209	0	0
210	0	0
211	0	0
212	1	1
213	5	3
214	4	2
215	0	0
216	0	0
217	0	0
218	4	2
219	0	0
220	0	0
221	9	5
222	0	0
223	0	0
224	0	0
225	0	0
226	0	0
227	0	0
228	0	0
229	0	0
230	0	0
231	0	0
232	0	0
233	0	0
234	0	0
235	0	0
236	0	0
237	0	0
238	0	0
239	0	0
240	0	0
241	0	0
242	0	0
243	0	0
244	1	1
245	0	0
246	0	0
247	0	0
248	0	0
249	0	0
250	17	10
251	0	0
252	0	0
253	0	0
254	0	0
255	0	0
256	0	0
257	0	0
258	0	0
259	0	0
260	0	0
261	0	0
262	0	0
263	0	0
264	0	0
265	6	6
266	6	6
267	0	0
268	0	0
269	0	0
270	0	0
271	0	0
272	2	2
273	0	0
274	0	0
275	0	0
276	0	0
277	0	0
278	8	6
279	0	0
280	0	0
281	0	0
282	0	0
283	0	0
284	0	0
285	1	1
286	18	14
287	0	0
288	5	5
289	0	0
290	0	0
291	0	0
292	0	0
293	0	0
294	0	0
295	0	0
296	28	18
297	0	0
298	0	0
299	0	0
300	0	0
301	1	1
302	0	0
303	0	0
304	1	1
305	0	0
306	0	0
307	13	11
308	0	0
309	0	0
310	0	0
311	0	0
312	0	0
313	1	1
314	2	2
315	26	14
316	0	0
317	0	0
318	0	0
319	0	0
320	0	0
321	0	0
322	0	0
323	6	6
324	0	0
325	0	0
326	2	2
327	0	0
328	1	1
329	0	0
330	0	0
331	0	0
332	0	0
333	0	0
334	0	0
335	0	0
336	0	0
337	0	0
338	2	2
339	0	0
340	0	0
341	0	0
342	0	0
343	0	0
344	0	0
345	0	0
346	0	0
347	0	0
348	0	0
349	0	0
350	0	0
351	0	0
352	0	0
353	0	0
354	1	1
355	0	0
356	0	0
357	1	1
358	0	0
359	0	0
360	4	4
361	0	0
362	0	0
363	0	0
364	12	12
365	0	0
366	0	0
367	0	0
368	0	0
369	0	0
370	1	1
371	12	4
372	0	0
373	1	1
374	5	3
375	0	0
376	0	0
377	0	0
378	0	0
379	0	0
380	0	0
381	0	0
382	0	0
383	8	8
384	0	0
385	0	0
386	0	0
387	12	9
388	12	4
389	0	0
390	0	0
391	11	8
392	0	0
393	0	0
394	0	0
395	1	1
396	0	0
397	0	0
398	0	0
399	0	0
400	0	0
401	0	0
402	0	0
403	0	0
404	0	0
405	2	2
406	13	10
407	11	8
408	0	0
409	4	4
410	0	0
411	0	0
412	0	0
413	26	17
414	0	0
415	0	0
416	0	0
417	0	0
418	0	0
419	0	0
420	1	1
421	10	3
422	0	0
423	0	0
424	0	0
425	3	3
426	1	1
427	1	1
428	1	1
429	8	6
430	0	0
431	0	0
432	0	0
433	0	0
434	0	0
435	0	0
436	0	0
437	0	0
438	0	0
439	10	3
440	1	1
441	0	0
442	0	0
443	0	0
444	0	0
445	1	1
446	0	0
447	0	0
448	1	1
449	0	0
450	0	0
451	0	0
452	0	0
453	0	0
454	0	0
455	0	0
456	0	0
457	0	0
458	0	0
459	0	0
460	0	0
461	0	0
462	0	0
463	0	0
464	0	0
465	0	0
466	0	0
467	0	0
468	5	2
469	2	2
470	0	0
471	0	0
472	2	2
473	4	2
474	0	0
475	0	0
476	3	3
477	0	0
478	0	0
479	2	2
480	1	1
481	3	3
482	2	2
483	5	3
484	0	0
485	0	0
486	0	0
487	0	0
488	0	0
489	1	1
490	0	0
491	0	0
492	0	0
493	2	2
494	0	0
495	0	0
496	0	0
497	0	0
498	0	0
499	7	3
500	0	0
501	1	1
502	0	0
503	0	0
504	8	8
505	0	0
506	1	1
507	0	0
508	1	1
509	1	1
510	0	0
511	0	0
512	0	0
513	0	0
514	0	0
515	7	7
516	0	0
517	1	1
518	1	1
519	0	0
520	0	0
521	1	1
522	7	5
523	0	0
524	0	0
525	0	0
526	0	0
527	0	0
528	3	3
529	1	1
530	0	0
531	0	0
532	0	0
533	0	0
534	0	0
535	0	0
536	0	0
537	0	0
538	0	0
539	5	2
540	1	1
541	0	0
542	0	0
543	0	0
544	1	1
545	0	0
546	2	2
547	0	0
548	0	0
549	1	1
550	0	0
551	0	0
552	0	0
553	0	0
554	0	0
555	0	0
556	0	0
557	0	0
558	0	0
559	3	3
560	1	1
561	1	1
562	1	1
563	0	0
564	0	0
565	0	0
566	0	0
567	0	0
568	0	0
569	0	0
570	0	0
571	0	0
572	0	0
573	0	0
574	0	0
575	0	0
576	0	0
577	0	0
578	0	0
579	0	0
580	0	0
581	0	0
582	11	6
583	14	7
584	0	0
585	0	0
586	0	0
587	0	0
588	0	0
589	0	0
590	0	0
591	0	0
592	2	2
593	0	0
594	2	2
595	11	7
596	1	1
597	0	0
598	1	1
599	0	0
600	1	1
601	0	0
602	0	0
603	27	21
604	0	0
605	0	0
606	0	0
607	0	0
608	12	6
609	0	0
610	0	0
611	1	1
612	0	0
613	1	1
614	0	0
615	0	0
616	0	0
617	0	0
618	4	2
619	1	1
620	0	0
621	0	0
622	3	3
623	0	0
624	0	0
625	0	0
626	1	1
627	0	0
628	0	0
629	0	0
630	14	7
631	0	0
632	0	0
633	0	0
634	0	0
635	0	0
636	7	7
637	0	0
638	0	0
639	0	0
640	0	0
641	0	0
642	0	0
643	1	1
644	0	0
645	2	2
646	0	0
647	0	0
648	0	0
649	0	0
650	0	0
651	5	3
652	0	0
653	0	0
654	0	0
655	0	0
656	11	6
657	0	0
658	1	1
659	0	0
660	0	0
661	0	0
662	1	1
663	0	0
664	0	0
665	0	0
666	0	0
667	0	0
668	1	1
669	17	15
670	0	0
671	4	2
672	0	0
673	12	7
674	0	0
675	9	7
676	0	0
677	0	0
678	1	1
679	0	0
680	0	0
681	0	0
682	0	0
683	0	0
684	0	0
685	7	7
686	0	0
687	2	2
688	0	0
689	8	6
690	0	0
691	0	0
692	14	7
693	14	7
694	1	1
695	0	0
696	8	8
697	0	0
698	0	0
699	0	0
700	7	5
701	0	0
702	0	0
703	0	0
704	24	13
705	0	0
706	0	0
707	0	0
708	0	0
709	0	0
710	0	0
711	0	0
712	0	0
713	0	0
714	0	0
715	0	0
716	1	1
717	0	0
718	0	0
719	4	4
720	0	0
721	5	3
722	1	1
723	6	2
724	0	0
725	1	1
726	0	0
727	11	9
728	1	1
729	0	0
730	0	0
731	0	0
732	0	0
733	0	0
734	0	0
735	0	0
736	0	0
737	0	0
738	0	0
739	0	0
740	0	0
741	0	0
742	0	0
743	0	0
744	0	0
745	0	0
746	1	1
747	0	0
748	7	4
749	10	7
750	1	1
751	0	0
752	0	0
753	0	0
754	0	0
755	0	0
756	15	13
757	0	0
758	0	0
759	0	0
760	0	0
761	0	0
762	0	0
763	0	0
764	0	0
765	0	0
766	1	1
767	0	0
768	0	0
769	0	0
770	4	2
771	0	0
772	0	0
773	0	0
774	0	0
775	0	0
776	0	0
777	2	2
778	1	1
779	0	0
780	0	0
781	1	1
782	0	0
783	10	3
784	7	6
785	2	2
786	0	0
787	0	0
788	0	0
789	0	0
790	0	0
791	0	0
792	0	0
793	1	1
794	0	0
795	1	1
796	0	0
797	1	1
798	0	0
799	2	2
800	0	0
801	0	0
802	0	0
803	0	0
804	0	0
805	1	1
806	0	0
807	11	8
808	0	0
809	0	0
810	2	1
811	0	0
812	0	0
813	1	1
814	0	0
815	0	0
816	18	7
817	0	0
818	0	0
819	0	0
820	0	0
821	0	0
822	0	0
823	0	0
824	10	3
825	0	0
826	0	0
827	0	0
828	10	7
829	10	7
830	0	0
831	0	0
832	10	8
833	0	0
834	1	1
835	0	0
836	0	0
837	20	20
838	0	0
839	0	0
840	0	0
841	0	0
842	1	1
843	0	0
844	0	0
845	0	0
846	0	0
847	5	3
848	1	1
849	10	3
850	0	0
851	8	6
852	0	0
853	1	1
854	1	1
855	0	0
856	7	4
857	2	2
858	0	0
859	7	4
860	1	1
861	0	0
862	11	4
863	11	11
864	0	0
865	0	0
866	0	0
867	0	0
868	0	0
869	0	0
870	0	0
871	2	1
872	0	0
873	5	3
874	12	5
875	0	0
876	0	0
877	0	0
878	0	0
879	0	0
880	0	0
881	0	0
882	7	6
883	0	0
884	2	2
885	1	1
886	0	0
887	0	0
888	0	0
889	0	0
890	0	0
891	0	0
892	0	0
893	16	15
894	0	0
895	0	0
896	0	0
897	2	2
898	19	7
899	0	0
900	1	1
901	0	0
902	12	6
903	0	0
904	0	0
905	0	0
906	9	6
907	2	2
908	0	0
909	0	0
910	4	4
911	1	1
912	0	0
913	1	1
914	1	1
915	0	0
916	10	3
917	10	7
918	0	0
919	0	0
920	0	0
921	0	0
922	0	0
923	0	0
924	2	2
925	0	0
926	1	1
927	0	0
928	2	2
929	8	7
930	24	12
931	0	0
932	0	0
933	0	0
934	0	0
935	5	3
936	0	0
937	0	0
938	0	0
939	0	0
940	0	0
941	0	0
942	0	0
943	13	7
944	0	0
945	0	0
946	0	0
947	0	0
948	0	0
949	0	0
950	0	0
951	5	5
952	0	0
953	1	1
954	0	0
955	3	3
956	15	8
957	0	0
958	0	0
959	0	0
960	3	3
961	0	0
962	0	0
963	1	1
964	0	0
965	6	6
966	0	0
967	0	0
968	0	0
969	1	1
970	0	0
971	18	4
972	0	0
973	2	2
974	10	3
975	0	0
976	0	0
977	1	1
978	0	0
979	16	6
980	0	0
981	0	0
982	0	0
983	0	0
984	0	0
985	6	4
986	0	0
987	0	0
988	0	0
989	12	12
990	24	12
991	0	0
992	0	0
993	0	0
994	0	0
995	0	0
996	1	1
997	0	0
998	7	4
999	0	0
1000	1	1
1001	6	4
1002	0	0
1003	0	0
1004	7	4
1005	0	0
1006	1	1
1007	0	0
1008	0	0
1009	0	0
1010	1	1
1011	11	8
1012	5	3
1013	0	0
1014	4	4
1015	0	0
1016	1	1
1017	19	15
1018	0	0
1019	0	0
1020	0	0
1021	0	0
1022	0	0
1023	0	0
1024	0	0
1025	0	0
1026	0	0
1027	0	0
1028	0	0
1029	0	0
1030	8	2
1031	11	6
1032	0	0
1033	0	0
1034	0	0
1035	5	3
1036	0	0
1037	0	0
1038	0	0
1039	0	0
1040	8	8
1041	0	0
1042	11	8
1043	0	0
1044	0	0
1045	0	0
1046	1	1
1047	0	0
1048	0	0
1049	0	0
1050	0	0
1051	0	0
1052	0	0
1053	4	4
1054	12	6
1055	0	0
1056	0	0
1057	0	0
1058	0	0
1059	2	2
1060	0	0
1061	0	0
1062	0	0
1063	1	1
1064	0	0
1065	11	6
1066	0	0
1067	0	0
1068	0	0
1069	0	0
1070	0	0
1071	0	0
1072	0	0
1073	0	0
1074	1	1
1075	1	1
1076	0	0
1077	1	1
1078	1	1
1079	12	12
1080	7	4
1081	3	3
1082	1	1
1083	0	0
1084	0	0
1085	0	0
1086	2	2
1087	0	0
1088	0	0
1089	0	0
1090	0	0
1091	15	12
1092	4	4
1093	33	19
1094	1	1
1095	49	18
1096	47	20
1097	39	16
1098	41	17
1099	58	20
1100	63	21
1101	85	25
1102	87	23
1103	44	24
1104	37	19
1105	79	37
1106	79	39
1107	62	36
1108	63	38
1109	63	52
1110	63	43
1111	61	36
1112	59	34
