0 214
1 39
2 33
3 17
4 16
5 5
6 10
7 4
8 8
9 5
10 4
11 5
12 4
13 7
14 8
15 4
16 4
17 3
18 4
19 2
20 4
21 5
22 0
23 0
24 0
25 1
26 1
27 2
28 2
29 3
30 1
31 0
32 3
33 2
34 2
35 1
36 0
37 2
38 2
39 2
40 1
41 2
42 0
43 1
44 0
45 1
46 2
47 0
48 2
49 1
50 0
51 1
52 0
53 0
54 2
55 1
56 3
57 0
58 0
59 1
60 1
61 0
62 0
63 0
64 0
65 1
66 1
67 1
68 0
69 0
70 1
71 1
72 0
73 0
74 0
75 0
76 1
77 1
78 1
79 0
80 1
81 0
82 0
83 0
84 0
85 1
86 0
87 1
88 1
89 0
90 0
91 1
92 1
93 0
94 0
95 0
96 1
97 3
98 1
99 3
100 2
101 0
102 0
103 1
104 1
105 0
106 1
107 0
108 0
109 0
110 1
111 0
112 0
113 0
114 0
115 0
116 3
117 3
118 0
119 1
120 3
121 1
122 0
123 2
124 1
125 0
126 0
127 1
128 1
129 1
130 0
131 1
132 0
133 1
134 2
135 0
136 1
137 1
138 0
139 0
140 0
141 1
142 0
143 4
144 1
145 1
146 2
147 1
148 1
149 0
150 0
151 1
152 3
153 2
154 2
155 0
156 1
157 3
158 0
159 0
160 0
161 2
162 1
163 0
164 0
165 2
166 1
167 1
168 0
169 4
170 1
171 1
172 1
173 0
174 4
175 0
176 1
177 1
178 1
179 1
180 0
181 2
182 1
183 1
184 0
185 3
186 1
187 5
188 1
189 0
190 2
191 2
192 0
193 0
194 3
195 2
196 1
197 1
198 1
199 1
200 2
201 3
202 0
203 0
204 2
205 1
206 2
207 2
208 2
209 3
210 2
211 0
212 1
213 2
214 1
215 0
216 1
217 1
218 4
219 1
220 0
221 1
222 0
223 2
224 0
225 1
226 1
227 2
228 1
229 2
230 0
231 2
232 1
233 1
234 1
235 3
236 1
237 0
238 1
239 1
240 0
241 0
242 2
243 1
244 2
245 1
246 2
247 2
248 3
249 1
250 2
251 2
252 1
253 1
254 2
255 1
256 0
257 1
258 0
259 1
260 2
261 0
262 2
263 3
264 0
265 1
266 2
267 0
268 2
269 2
270 1
271 1
272 2
273 1
274 2
275 1
276 0
277 3
278 2
279 0
280 1
281 3
282 3
283 2
284 2
285 2
286 0
287 1
288 2
289 2
290 1
291 3
292 1
293 1
294 2
295 1
296 4
297 2
298 0
299 1
300 1
301 0
302 3
303 2
304 4
305 2
306 2
307 3
308 1
309 1
310 2
311 0
312 1
313 1
314 0
315 0
316 1
317 0
318 0
319 0
320 2
321 0
322 1
323 2
324 2
325 0
326 1
327 2
328 1
329 1
330 0
331 1
332 0
333 0
334 3
335 1
336 2
337 0
338 1
339 1
340 1
341 2
342 1
343 1
344 0
345 1
346 1
347 2
348 1
349 2
350 1
351 1
352 0
353 0
354 1
355 0
356 1
357 1
358 0
359 1
360 0
361 0
362 0
363 1
364 1
365 2
366 0
367 1
368 1
369 2
370 0
371 0
372 2
373 2
374 0
375 0
376 2
377 0
378 2
379 2
380 1
381 2
382 0
383 1
384 1
385 4
386 1
387 2
388 2
389 0
390 1
391 1
392 1
393 2
394 0
395 1
396 0
397 1
398 0
399 1
400 0
401 0
402 0
403 2
404 0
405 1
406 2
407 1
408 0
409 0
410 4
411 0
412 1
413 2
414 2
415 0
416 0
417 1
418 2
419 1
420 1
421 0
422 1
423 1
424 1
425 2
426 2
427 2
428 1
429 0
430 0
431 1
432 0
433 0
434 0
435 2
436 2
437 0
438 0
439 0
440 1
441 0
442 1
443 0
444 0
445 1
446 2
447 1
448 1
449 1
450 1
451 2
452 1
453 1
454 1
455 1
456 0
457 0
458 1
459 0
460 0
461 0
462 1
463 2
464 0
465 0
466 0
467 1
468 2
469 0
470 0
471 0
472 2
473 1
474 0
475 1
476 0
477 0
478 0
479 1
480 1
481 2
482 0
483 0
484 0
485 1
486 1
487 1
488 1
489 0
490 0
491 0
492 0
493 0
494 0
495 0
496 0
497 0
498 1
499 0
500 0
501 0
502 0
503 2
504 1
505 2
506 0
507 0
508 0
509 0
510 0
511 0
512 2
513 1
514 1
515 0
516 0
517 0
518 0
519 0
520 2
521 1
522 0
523 1
524 0
525 2
526 0
527 1
528 0
529 0
530 0
531 0
532 1
533 1
534 0
535 0
536 1
537 1
538 0
539 1
540 1
541 1
542 1
543 0
544 0
545 0
546 0
547 2
548 1
549 0
550 0
551 0
552 0
553 2
554 0
555 2
556 0
557 0
558 0
559 0
560 1
561 0
562 0
563 0
564 0
565 1
566 1
567 0
568 0
569 0
570 1
571 0
572 0
573 0
574 0
575 0
576 1
577 0
578 0
579 1
580 2
581 0
582 0
583 1
584 0
585 0
586 1
587 1
588 1
589 0
590 0
591 0
592 0
593 0
594 0
595 0
596 1
597 1
598 1
599 1
600 1
601 0
602 1
603 0
604 0
605 0
606 0
607 0
608 0
609 0
610 0
611 1
612 1
613 2
614 0
615 0
616 0
617 0
618 0
619 1
620 0
621 0
622 0
623 1
624 0
625 0
626 0
627 0
628 0
629 0
630 0
631 1
632 0
633 0
634 0
635 2
636 0
637 1
638 1
639 1
640 0
641 0
642 1
643 0
644 1
645 0
646 1
647 0
648 0
649 0
650 0
651 2
652 0
653 0
654 0
655 0
656 0
657 0
658 0
659 0
660 1
661 1
662 0
663 0
664 0
665 0
666 0
667 0
668 0
669 0
670 0
671 1
672 0
673 0
674 0
675 0
676 0
677 0
678 1
679 1
680 0
681 0
682 1
683 0
684 0
685 0
686 0
687 0
688 0
689 0
690 0
691 0
692 2
693 0
694 0
695 0
696 0
697 0
698 1
699 1
700 1
701 0
702 0
703 1
704 1
705 0
706 0
707 0
708 0
709 0
710 0
711 2
712 0
713 0
714 0
715 0
716 0
717 0
718 0
719 0
720 0
721 0
722 0
723 0
724 1
725 0
726 0
727 0
728 0
729 0
730 0
731 0
732 0
733 0
734 0
735 0
736 1
737 0
738 1
739 0
740 0
741 0
742 0
743 1
744 0
745 0
746 0
747 1
748 0
749 0
750 0
751 0
752 0
753 0
754 0
755 1
756 0
757 0
758 0
759 0
760 0
761 0
762 0
763 0
764 2
765 0
766 0
767 0
768 0
769 0
770 0
771 0
772 1
773 0
774 0
775 0
776 0
777 0
778 0
779 0
780 0
781 0
782 0
783 0
784 0
785 0
786 0
787 0
788 1
789 0
790 0
791 0
792 0
793 0
794 2
795 0
796 0
797 0
798 0
799 0
800 2
801 0
802 0
803 0
804 0
805 0
806 0
807 0
808 0
809 0
810 0
811 1
812 0
813 0
814 0
815 0
816 0
817 0
818 0
819 0
820 0
821 0
822 0
823 0
824 0
825 1
826 0
827 0
828 0
829 0
830 0
831 0
832 0
833 0
834 0
835 1
836 1
837 0
838 0
839 0
840 0
841 0
842 0
843 0
844 1
845 0
846 0
847 0
848 0
849 0
850 0
851 0
852 0
853 0
854 0
855 0
856 0
857 0
858 0
859 0
860 0
861 0
862 0
863 0
864 0
865 0
866 0
867 0
868 0
869 0
870 0
871 0
872 0
873 0
874 0
875 0
876 1
877 0
878 0
879 0
880 0
881 0
882 0
883 0
884 0
885 0
886 0
887 0
888 0
889 0
890 0
891 0
892 1
893 0
894 0
895 0
896 0
897 0
898 0
899 0
900 0
901 0
902 1
903 0
904 0
905 0
906 0
907 1
908 0
909 1
910 0
911 1
912 0
913 0
914 0
915 0
916 0
917 0
918 0
919 0
920 0
921 0
922 0
923 0
924 0
925 0
926 0
927 0
928 0
929 0
930 0
931 0
932 0
933 0
934 0
935 0
936 1
937 0
938 0
939 0
940 0
941 2
942 0
943 0
944 1
945 0
946 1
947 0
948 0
949 0
950 0
951 0
952 0
953 1
954 0
955 0
956 0
957 0
958 0
959 0
960 0
961 0
962 1
963 0
964 0
965 0
966 0
967 0
968 0
969 0
970 0
971 0
972 0
973 0
974 0
975 0
976 0
977 0
978 0
979 0
980 0
981 0
982 1
983 0
984 0
985 0
986 0
987 0
988 0
989 1
990 0
991 0
992 0
993 0
994 1
995 0
996 0
997 0
998 1
999 0
1000 0
1001 0
1002 0
1003 0
1004 0
1005 1
1006 0
1007 0
1008 0
1009 0
1010 0
1011 0
1012 0
1013 0
1014 0
1015 0
1016 0
1017 0
1018 0
1019 0
1020 0
1021 0
1022 0
1023 0
1024 0
1025 0
1026 0
1027 0
1028 0
1029 0
1030 0
1031 1
1032 0
1033 1
1034 0
1035 0
1036 0
1037 0
1038 1
1039 0
1040 0
1041 0
1042 0
1043 0
1044 0
1045 0
1046 0
1047 1
1048 0
1049 1
1050 0
1051 0
1052 0
1053 0
1054 0
1055 0
1056 0
1057 0
1058 0
1059 0
1060 0
1061 0
1062 0
1063 0
1064 0
1065 0
1066 0
1067 0
1068 0
1069 0
1070 0
1071 1
1072 0
1073 0
1074 1
1075 0
1076 0
1077 0
1078 0
1079 0
1080 0
1081 0
1082 0
1083 0
1084 0
1085 0
1086 0
1087 0
1088 0
1089 0
1090 0
1091 0
1092 0
1093 0
1094 0
1095 1
1096 0
1097 0
1098 0
1099 0
1100 0
1101 0
1102 0
1103 0
1104 0
1105 0
1106 0
1107 0
1108 0
1109 1
1110 1
1111 0
1112 0
1113 0
1114 0
1115 0
1116 0
1117 0
1118 0
1119 0
1120 0
1121 0
1122 0
1123 0
1124 0
1125 0
1126 0
1127 0
1128 0
1129 0
1130 0
1131 0
1132 0
1133 0
1134 0
1135 0
1136 0
1137 0
1138 0
1139 0
1140 0
1141 0
1142 0
1143 0
1144 0
1145 0
1146 0
1147 0
1148 1
1149 0
1150 0
1151 0
1152 0
1153 0
1154 0
1155 0
1156 0
1157 0
1158 0
1159 0
1160 0
1161 0
1162 0
1163 0
1164 0
1165 1
1166 0
1167 0
1168 0
1169 0
1170 0
1171 0
1172 0
1173 0
1174 0
1175 0
1176 0
1177 0
1178 0
1179 0
1180 0
1181 0
1182 0
1183 0
1184 0
1185 0
1186 0
1187 0
1188 0
1189 0
1190 0
1191 0
1192 0
1193 0
1194 0
1195 0
1196 0
1197 0
1198 0
1199 0
1200 0
1201 0
1202 0
1203 0
1204 1
1205 0
1206 0
1207 0
1208 0
1209 0
1210 0
1211 0
1212 0
1213 0
1214 1
1215 0
1216 0
1217 0
1218 0
1219 0
1220 0
1221 0
1222 0
1223 0
1224 0
1225 0
1226 0
1227 0
1228 0
1229 0
1230 0
1231 0
1232 0
1233 0
1234 0
1235 0
1236 0
1237 0
1238 0
1239 0
1240 0
1241 0
1242 0
1243 0
1244 0
1245 0
1246 0
1247 0
1248 0
1249 0
1250 0
1251 0
1252 0
1253 0
1254 0
1255 0
1256 0
1257 0
1258 0
1259 0
1260 0
1261 0
1262 0
1263 0
1264 0
1265 0
1266 0
1267 0
1268 0
1269 0
1270 0
1271 0
1272 0
1273 0
1274 0
1275 0
1276 0
1277 0
1278 0
1279 0
1280 0
1281 0
1282 0
1283 0
1284 1
1285 0
1286 0
1287 0
1288 1
1289 0
1290 0
1291 0
1292 0
1293 0
1294 0
1295 0
1296 0
1297 0
1298 0
1299 1
1300 1
1301 0
1302 0
1303 0
1304 0
1305 0
1306 0
1307 0
1308 0
1309 0
1310 0
1311 0
1312 0
1313 0
1314 0
1315 0
1316 0
1317 0
1318 0
1319 0
1320 0
1321 0
1322 0
1323 0
1324 0
1325 0
1326 0
1327 0
1328 0
1329 0
1330 0
1331 0
1332 0
1333 0
1334 0
1335 0
1336 0
1337 0
1338 0
1339 0
1340 0
1341 0
1342 0
1343 0
1344 0
1345 0
1346 0
1347 0
1348 0
1349 0
1350 0
1351 0
1352 0
1353 0
1354 0
1355 0
1356 0
1357 0
1358 0
1359 0
1360 0
1361 0
1362 0
1363 0
1364 0
1365 0
1366 0
1367 0
1368 0
1369 0
1370 0
1371 0
1372 0
1373 0
1374 0
1375 0
1376 0
1377 0
1378 0
1379 0
1380 0
1381 0
1382 0
1383 0
1384 0
1385 0
1386 0
1387 0
1388 0
1389 0
1390 0
1391 0
1392 0
1393 0
1394 0
1395 0
1396 0
1397 0
1398 0
1399 0
1400 0
1401 0
1402 0
1403 0
1404 1
