0	0	0
1	0	0
2	0	0
3	0	0
4	0	0
5	0	0
6	0	0
7	0	0
8	0	0
9	0	0
10	0	0
11	0	0
12	0	0
13	0	0
14	0	0
15	0	0
16	0	0
17	0	0
18	5	5
19	4	2
20	0	0
21	0	0
22	7	7
23	0	0
24	0	0
25	12	6
26	1	1
27	0	0
28	0	0
29	1	1
30	1	1
31	0	0
32	0	0
33	4	2
34	0	0
35	0	0
36	4	4
37	0	0
38	2	2
39	0	0
40	0	0
41	1	1
42	0	0
43	0	0
44	0	0
45	0	0
46	3	3
47	0	0
48	0	0
49	0	0
50	0	0
51	2	2
52	12	12
53	21	19
54	0	0
55	1	1
56	2	2
57	0	0
58	0	0
59	1	1
60	1	1
61	0	0
62	0	0
63	0	0
64	0	0
65	2	2
66	1	1
67	1	1
68	0	0
69	5	5
70	0	0
71	1	1
72	0	0
73	0	0
74	0	0
75	0	0
76	21	5
77	16	16
78	0	0
79	9	6
80	4	2
81	0	0
82	0	0
83	3	3
84	22	9
85	0	0
86	5	5
87	1	1
88	1	1
89	5	3
90	1	1
91	22	9
92	0	0
93	0	0
94	1	1
95	7	5
96	8	4
97	0	0
98	0	0
99	0	0
100	0	0
101	2	2
102	19	18
103	9	6
104	0	0
105	1	1
106	8	6
107	1	1
108	5	5
109	0	0
110	5	4
111	0	0
112	0	0
113	0	0
114	0	0
115	0	0
116	12	6
117	0	0
118	0	0
119	24	23
120	9	9
121	2	2
122	0	0
123	0	0
124	0	0
125	0	0
126	1	1
127	1	1
128	0	0
129	6	5
130	11	8
131	1	1
132	13	12
133	4	4
134	13	5
135	0	0
136	1	1
137	0	0
138	0	0
139	0	0
140	0	0
141	0	0
142	6	6
143	0	0
144	0	0
145	0	0
146	1	1
147	1	1
148	19	12
149	18	9
150	4	4
151	1	1
152	20	10
153	1	1
154	1	1
155	17	5
156	1	1
157	1	1
158	1	1
159	1	1
160	0	0
161	7	4
162	0	0
163	0	0
164	12	9
165	0	0
166	0	0
167	0	0
168	0	0
169	0	0
170	0	0
171	0	0
172	0	0
173	0	0
174	0	0
175	0	0
176	1	1
177	0	0
178	10	7
179	1	1
180	15	6
181	0	0
182	0	0
183	0	0
184	0	0
185	0	0
186	0	0
187	0	0
188	7	7
189	1	1
190	28	21
191	13	9
192	1	1
193	0	0
194	0	0
195	0	0
196	0	0
197	0	0
198	2	2
199	0	0
200	12	6
201	0	0
202	0	0
203	0	0
204	0	0
205	12	5
206	0	0
207	8	7
208	1	1
209	1	1
210	0	0
211	0	0
212	1	1
213	5	3
214	4	2
215	0	0
216	0	0
217	0	0
218	4	2
219	0	0
220	0	0
221	9	5
222	0	0
223	0	0
224	0	0
225	0	0
226	0	0
227	0	0
228	0	0
229	0	0
230	0	0
231	0	0
232	0	0
233	0	0
234	0	0
235	0	0
236	0	0
237	0	0
238	0	0
239	0	0
240	0	0
241	0	0
242	0	0
243	1	1
244	0	0
245	0	0
246	0	0
247	0	0
248	0	0
249	17	10
250	0	0
251	0	0
252	0	0
253	0	0
254	0	0
255	0	0
256	0	0
257	0	0
258	0	0
259	0	0
260	0	0
261	1	1
262	0	0
263	0	0
264	7	7
265	7	7
266	0	0
267	0	0
268	0	0
269	0	0
270	0	0
271	3	3
272	0	0
273	0	0
274	0	0
275	0	0
276	0	0
277	11	9
278	0	0
279	0	0
280	0	0
281	0	0
282	0	0
283	0	0
284	1	1
285	22	17
286	0	0
287	5	5
288	0	0
289	0	0
290	0	0
291	0	0
292	0	0
293	0	0
294	0	0
295	29	19
296	0	0
297	0	0
298	0	0
299	0	0
300	1	1
301	0	0
302	0	0
303	1	1
304	0	0
305	0	0
306	13	11
307	0	0
308	0	0
309	0	0
310	0	0
311	0	0
312	1	1
313	2	2
314	29	15
315	0	0
316	0	0
317	0	0
318	0	0
319	0	0
320	0	0
321	0	0
322	6	6
323	0	0
324	0	0
325	2	2
326	0	0
327	1	1
328	0	0
329	0	0
330	0	0
331	0	0
332	0	0
333	0	0
334	0	0
335	0	0
336	0	0
337	2	2
338	0	0
339	0	0
340	0	0
341	0	0
342	0	0
343	0	0
344	0	0
345	0	0
346	0	0
347	0	0
348	0	0
349	0	0
350	0	0
351	0	0
352	0	0
353	1	1
354	0	0
355	0	0
356	1	1
357	0	0
358	0	0
359	4	4
360	0	0
361	0	0
362	0	0
363	12	12
364	0	0
365	1	1
366	0	0
367	0	0
368	0	0
369	2	2
370	14	4
371	0	0
372	1	1
373	5	3
374	0	0
375	0	0
376	0	0
377	0	0
378	0	0
379	0	0
380	0	0
381	0	0
382	13	11
383	0	0
384	0	0
385	0	0
386	12	9
387	14	4
388	0	0
389	0	0
390	12	8
391	0	0
392	0	0
393	0	0
394	1	1
395	0	0
396	0	0
397	0	0
398	0	0
399	0	0
400	0	0
401	0	0
402	0	0
403	0	0
404	2	2
405	14	10
406	12	8
407	0	0
408	5	5
409	0	0
410	0	0
411	0	0
412	26	17
413	0	0
414	0	0
415	0	0
416	0	0
417	0	0
418	1	1
419	2	2
420	12	3
421	0	0
422	0	0
423	0	0
424	3	3
425	1	1
426	1	1
427	1	1
428	9	6
429	0	0
430	0	0
431	0	0
432	0	0
433	0	0
434	0	0
435	0	0
436	0	0
437	0	0
438	12	3
439	1	1
440	0	0
441	0	0
442	0	0
443	0	0
444	1	1
445	0	0
446	0	0
447	1	1
448	0	0
449	0	0
450	0	0
451	0	0
452	0	0
453	0	0
454	0	0
455	0	0
456	0	0
457	0	0
458	0	0
459	0	0
460	0	0
461	0	0
462	0	0
463	0	0
464	0	0
465	0	0
466	0	0
467	7	3
468	4	4
469	4	4
470	0	0
471	3	2
472	4	2
473	0	0
474	0	0
475	3	3
476	0	0
477	0	0
478	2	2
479	1	1
480	3	3
481	2	2
482	5	3
483	0	0
484	0	0
485	0	0
486	0	0
487	0	0
488	1	1
489	0	0
490	0	0
491	0	0
492	3	3
493	0	0
494	0	0
495	0	0
496	0	0
497	0	0
498	7	3
499	0	0
500	1	1
501	0	0
502	0	0
503	12	9
504	0	0
505	1	1
506	0	0
507	1	1
508	1	1
509	0	0
510	0	0
511	0	0
512	0	0
513	0	0
514	7	7
515	0	0
516	1	1
517	2	2
518	0	0
519	0	0
520	2	2
521	7	5
522	0	0
523	0	0
524	0	0
525	0	0
526	0	0
527	4	4
528	1	1
529	0	0
530	0	0
531	0	0
532	0	0
533	0	0
534	0	0
535	0	0
536	0	0
537	0	0
538	7	3
539	1	1
540	0	0
541	0	0
542	0	0
543	1	1
544	0	0
545	2	2
546	0	0
547	0	0
548	1	1
549	0	0
550	0	0
551	0	0
552	0	0
553	0	0
554	0	0
555	0	0
556	0	0
557	0	0
558	3	3
559	1	1
560	1	1
561	1	1
562	0	0
563	0	0
564	0	0
565	0	0
566	0	0
567	0	0
568	0	0
569	0	0
570	0	0
571	0	0
572	0	0
573	0	0
574	0	0
575	0	0
576	0	0
577	0	0
578	0	0
579	0	0
580	11	6
581	14	7
582	0	0
583	0	0
584	0	0
585	0	0
586	0	0
587	0	0
588	0	0
589	0	0
590	2	2
591	0	0
592	2	2
593	15	7
594	1	1
595	0	0
596	1	1
597	0	0
598	1	1
599	0	0
600	0	0
601	27	21
602	0	0
603	0	0
604	0	0
605	0	0
606	12	6
607	0	0
608	0	0
609	1	1
610	0	0
611	1	1
612	0	0
613	0	0
614	0	0
615	0	0
616	5	2
617	2	2
618	0	0
619	0	0
620	3	3
621	0	0
622	0	0
623	0	0
624	1	1
625	0	0
626	0	0
627	0	0
628	14	7
629	0	0
630	0	0
631	0	0
632	0	0
633	0	0
634	7	7
635	0	0
636	0	0
637	0	0
638	0	0
639	0	0
640	0	0
641	1	1
642	0	0
643	2	2
644	0	0
645	0	0
646	0	0
647	0	0
648	0	0
649	6	4
650	0	0
651	1	1
652	0	0
653	0	0
654	11	6
655	0	0
656	1	1
657	0	0
658	0	0
659	0	0
660	1	1
661	0	0
662	0	0
663	0	0
664	0	0
665	0	0
666	1	1
667	19	16
668	0	0
669	5	2
670	0	0
671	15	8
672	0	0
673	10	8
674	0	0
675	0	0
676	1	1
677	0	0
678	0	0
679	0	0
680	0	0
681	0	0
682	0	0
683	7	7
684	0	0
685	2	2
686	0	0
687	10	7
688	0	0
689	0	0
690	14	7
691	14	7
692	1	1
693	0	0
694	8	8
695	0	0
696	0	0
697	0	0
698	9	5
699	0	0
700	0	0
701	0	0
702	27	14
703	0	0
704	0	0
705	0	0
706	0	0
707	0	0
708	0	0
709	3	3
710	0	0
711	0	0
712	0	0
713	0	0
714	1	1
715	0	0
716	0	0
717	4	4
718	0	0
719	7	3
720	1	1
721	7	3
722	0	0
723	1	1
724	0	0
725	13	10
726	1	1
727	0	0
728	0	0
729	0	0
730	0	0
731	0	0
732	0	0
733	0	0
734	0	0
735	0	0
736	0	0
737	0	0
738	0	0
739	0	0
740	0	0
741	0	0
742	0	0
743	0	0
744	1	1
745	0	0
746	7	4
747	11	8
748	1	1
749	0	0
750	0	0
751	0	0
752	0	0
753	0	0
754	16	14
755	0	0
756	0	0
757	0	0
758	0	0
759	0	0
760	0	0
761	0	0
762	0	0
763	0	0
764	1	1
765	0	0
766	0	0
767	0	0
768	5	2
769	0	0
770	0	0
771	0	0
772	0	0
773	0	0
774	0	0
775	2	2
776	1	1
777	0	0
778	0	0
779	1	1
780	0	0
781	10	3
782	8	7
783	2	2
784	0	0
785	1	1
786	0	0
787	0	0
788	0	0
789	0	0
790	0	0
791	1	1
792	0	0
793	1	1
794	0	0
795	1	1
796	0	0
797	2	2
798	0	0
799	0	0
800	0	0
801	0	0
802	0	0
803	1	1
804	0	0
805	13	9
806	0	0
807	0	0
808	2	1
809	0	0
810	0	0
811	1	1
812	0	0
813	0	0
814	21	8
815	0	0
816	0	0
817	0	0
818	0	0
819	0	0
820	0	0
821	0	0
822	10	3
823	0	0
824	0	0
825	0	0
826	10	7
827	13	8
828	0	0
829	0	0
830	17	14
831	0	0
832	1	1
833	0	0
834	0	0
835	20	20
836	0	0
837	0	0
838	0	0
839	0	0
840	1	1
841	0	0
842	0	0
843	0	0
844	0	0
845	5	3
846	2	2
847	10	3
848	0	0
849	8	6
850	0	0
851	1	1
852	1	1
853	0	0
854	7	4
855	2	2
856	0	0
857	7	4
858	1	1
859	0	0
860	11	4
861	11	11
862	0	0
863	0	0
864	0	0
865	0	0
866	0	0
867	0	0
868	0	0
869	2	1
870	0	0
871	5	3
872	14	5
873	0	0
874	0	0
875	0	0
876	0	0
877	0	0
878	0	0
879	0	0
880	9	7
881	0	0
882	2	2
883	1	1
884	0	0
885	0	0
886	0	0
887	0	0
888	0	0
889	0	0
890	0	0
891	16	15
892	0	0
893	0	0
894	0	0
895	2	2
896	19	7
897	0	0
898	1	1
899	0	0
900	13	6
901	0	0
902	0	0
903	0	0
904	10	7
905	2	2
906	0	0
907	0	0
908	5	5
909	1	1
910	0	0
911	1	1
912	1	1
913	0	0
914	12	4
915	10	7
916	0	0
917	0	0
918	0	0
919	0	0
920	0	0
921	0	0
922	5	5
923	0	0
924	1	1
925	0	0
926	4	4
927	8	7
928	24	12
929	0	0
930	0	0
931	0	0
932	0	0
933	5	3
934	0	0
935	0	0
936	0	0
937	0	0
938	0	0
939	0	0
940	0	0
941	14	8
942	0	0
943	0	0
944	0	0
945	0	0
946	0	0
947	0	0
948	0	0
949	6	6
950	0	0
951	1	1
952	0	0
953	4	4
954	15	8
955	0	0
956	0	0
957	0	0
958	9	9
959	0	0
960	4	2
961	1	1
962	0	0
963	6	6
964	0	0
965	0	0
966	0	0
967	1	1
968	0	0
969	19	5
970	0	0
971	2	2
972	12	3
973	0	0
974	0	0
975	1	1
976	0	0
977	19	7
978	0	0
979	1	1
980	0	0
981	0	0
982	0	0
983	6	4
984	0	0
985	0	0
986	0	0
987	16	16
988	24	12
989	0	0
990	0	0
991	0	0
992	0	0
993	0	0
994	1	1
995	0	0
996	7	4
997	0	0
998	1	1
999	6	4
1000	0	0
1001	0	0
1002	9	5
1003	0	0
1004	1	1
1005	0	0
1006	0	0
1007	0	0
1008	1	1
1009	15	11
1010	5	3
1011	0	0
1012	6	6
1013	0	0
1014	1	1
1015	21	16
1016	0	0
1017	0	0
1018	0	0
1019	0	0
1020	0	0
1021	0	0
1022	0	0
1023	0	0
1024	0	0
1025	0	0
1026	0	0
1027	0	0
1028	8	2
1029	14	7
1030	0	0
1031	0	0
1032	0	0
1033	5	3
1034	0	0
1035	0	0
1036	0	0
1037	0	0
1038	8	8
1039	0	0
1040	12	8
1041	0	0
1042	0	0
1043	1	1
1044	1	1
1045	0	0
1046	0	0
1047	0	0
1048	0	0
1049	0	0
1050	0	0
1051	5	5
1052	12	6
1053	0	0
1054	1	1
1055	0	0
1056	0	0
1057	3	2
1058	0	0
1059	0	0
1060	0	0
1061	2	2
1062	0	0
1063	12	7
1064	0	0
1065	0	0
1066	0	0
1067	1	1
1068	0	0
1069	0	0
1070	0	0
1071	0	0
1072	1	1
1073	1	1
1074	3	3
1075	1	1
1076	3	3
1077	16	16
1078	7	4
1079	3	3
1080	1	1
1081	0	0
1082	0	0
1083	0	0
1084	2	2
1085	0	0
1086	0	0
1087	0	0
1088	0	0
1089	15	12
1090	4	4
1091	38	24
1092	1	1
1093	60	22
1094	56	23
1095	43	17
1096	42	18
1097	61	20
1098	68	21
1099	95	25
1100	99	23
1101	54	27
1102	46	21
1103	86	40
1104	81	39
1105	65	37
1106	67	38
1107	68	52
1108	67	47
1109	65	40
1110	63	38
