0 734
1 127
2 36
3 15
4 18
5 22
6 9
7 20
8 9
9 9
10 9
11 7
12 19
13 9
14 10
15 6
16 5
17 3
18 1
19 6
20 2
21 4
22 3
23 0
24 3
25 0
26 1
27 2
28 1
29 2
30 0
31 0
32 0
33 0
34 0
35 0
36 0
37 0
38 1
39 0
40 0
41 0
42 1
43 1
44 0
45 0
46 1
47 0
48 0
49 0
50 0
51 0
52 0
53 0
54 1
55 0
56 1
57 0
58 0
59 0
60 1
61 1
62 0
63 1
64 0
65 2
66 0
67 2
68 2
69 0
70 0
71 0
72 0
73 0
74 0
75 0
76 0
77 0
78 0
79 0
80 0
81 1
82 0
83 0
84 0
85 0
86 1
87 0
88 0
89 0
90 0
91 0
92 0
93 0
94 0
95 1
96 0
97 0
98 0
99 1
