34.0	CM	M1	84	5	104	768
34.1	C	M2	63	55	960
78.4	CM	M3	50	103	139	89	90	80	79	864
81.1	CM	M4	94	95	22	117	71	117	105	139	41	111	869
194.8	CM	M5	105	86	141	58	121	83	126	41	3	57	525
303.8	CM	M6	74	141	141	109	649
318.7	CM	M7	23	143	14	941
567.0	C	M8	122	69	642
592.3	CM	M9	76	51	85	10	2	51	579
851.5	CM	M10	103	98	42	86	102	77	111	104	627
901.7	CM	M11	83	86	106	0	81	111	133	11	700
975.2	CM	M12	105	12	149	120	75	33	76	12	913
983.3	CM	M13	134	113	75	77	81	57	47	142	135	727
1094.7	CM	M14	104	115	143	25	94	39	131	59	975
1237.0	CM	M15	71	4	27	140	13	97	109	43	804
1388.9	CM	M16	79	110	105	38	809
1582.3	CM	M17	132	11	55	70	72	619
1612.2	CM	M18	6	127	135	56	776
1673.7	CM	M19	105	35	128	33	545
1718.5	CM	M20	108	75	121	41	531
1848.7	CM	M21	136	106	78	26	605
1922.2	CM	M22	31	42	7	994
2090.6	CM	M23	139	23	51	583
2234.3	CM	M24	106	74	85	18	44	66	14	556
2372.2	CM	M25	66	102	30	45	108	105	38	690
2680.6	CM	M26	63	20	11	146	6	139	58	23	62	56	734
2698.3	C	M27	35	52	612
2724.7	CM	M28	29	92	105	137	132	94	62	86	53	839
2892.9	CM	M29	90	69	33	21	73	66	37	72	36	115	577
2979.8	CM	M30	33	18	91	749
2993.6	CM	M31	19	24	5	71	993
3142.5	CM	M32	59	112	132	0	983
3442.4	CM	M33	39	97	6	133	84	74	65	17	140	44	702
3449.0	CM	M34	36	71	137	86	87	52	139	40	984
3491.0	CM	M35	26	106	91	113	122	63	142	637
3533.0	CM	M36	126	122	115	67	144	108	19	720
3587.9	CM	M37	6	49	37	73	118	53	10	104	993
3688.2	CM	M38	141	70	112	97	78	48	125	84	12	58	791
3694.1	CM	M39	138	68	146	86	146	94	937
3765.0	CM	M40	39	132	116	122	21	77	113	687
3810.0	CM	M41	77	65	104	123	953
3874.0	CM	M42	131	125	66	50	44	88	43	94	859
3950.1	CM	M43	79	90	64	56	142	81	106	651
3981.9	CM	M44	67	128	94	41	25	49	781
4115.3	CM	M45	51	84	117	145	816
4124.8	CM	M46	57	91	3	32	33	40	139	23	96	831
4190.0	CM	M47	103	111	77	141	36	714
4498.7	CM	M48	19	16	142	15	808
4540.7	CM	M49	45	120	63	62	119	56	99	104	635
4714.8	CM	M50	89	119	138	71	82	0	77	20	13	953
4758.1	CM	M51	3	74	76	109	95	106	18	742
4826.8	C	M52	23	89	642
5148.2	CM	M53	101	68	93	848
5355.3	C	M54	46	67	694
5584.1	CM	M55	26	42	82	81	123	108	113	678
5920.9	CM	M56	129	44	80	88	2	109	144	89	942
5925.7	CM	M57	60	13	2	877
6229.0	CM	M58	115	49	10	62	47	57	80	71	932
6260.0	CM	M59	89	77	83	139	54	635
6288.9	C	M60	141	120	829
6324.0	CM	M61	11	13	8	109	114	101	909
6351.6	CM	M62	79	76	124	48	23	21	144	911
6448.9	CM	M63	41	105	4	590
6536.6	CM	M64	92	62	14	73	148	147	68	75	143	41	743
6599.0	CM	M65	124	142	104	65	132	36	655
6922.4	C	M66	78	125	962
6993.1	CM	M67	19	112	101	673
7040.1	CM	M68	141	94	38	73	146	123	27	71	518
7110.3	CM	M69	22	115	139	76	105	87	42	71	88	926
7172.9	CM	M70	104	86	5	12	91	100	17	108	822
7232.8	CM	M71	59	29	3	135	53	145	4	27	13	851
7275.9	CM	M72	136	12	22	109	130	103	54	122	142	134	591
7446.0	CM	M73	95	86	0	94	140	640
7601.0	CM	M74	110	129	119	31	144	657
7623.8	CM	M75	60	147	62	808
7663.2	CM	M76	64	8	54	97	757
7898.7	CM	M77	3	74	131	145	51	896
7900.0	CM	M78	88	32	13	46	41	86	33	46	626
8012.0	CM	M79	78	104	53	24	126	84	59	93	25	631
8074.9	CM	M80	119	4	116	141	67	114	916
8105.6	C	M81	107	100	749
8141.9	CM	M82	39	29	35	103	135	13	133	65	577
8142.1	CM	M83	95	62	72	664
8144.4	CM	M84	51	128	138	55	68	44	110	45	21	121	638
8461.1	CM	M85	76	35	11	18	96	75	147	145	788
8549.6	CM	M86	61	70	146	0	90	119	114	46	44	13	550
8600.7	CM	M87	7	0	86	798
8684.5	CM	M88	147	136	133	0	20	136	827
8735.8	CM	M89	15	86	7	571
8812.4	C	M90	127	111	583
9031.8	CM	M91	41	107	114	129	16	48	70	54	597
9102.8	CM	M92	107	21	54	787
9204.7	CM	M93	57	1	136	19	121	129	98	41	551
9294.1	CM	M94	14	139	108	105	611
9328.3	CM	M95	5	114	2	592
9384.7	CM	M96	53	100	37	110	145	792
9455.0	CM	M97	32	53	70	696
9488.9	CM	M98	145	96	65	123	121	80	53	29	809
9680.1	CM	M99	16	133	13	137	74	17	15	52	34	925
9713.0	CM	M100	139	107	29	12	128	66	141	36	99	118	715
9879.1	CM	M101	43	68	25	20	83	130	26	24	931
9971.1	CM	M102	118	94	123	66	915
10055.5	C	M103	126	55	580
10095.6	CM	M104	115	26	79	26	96	127	73	18	9	539
10104.9	CM	M105	50	25	90	67	821
10324.1	CM	M106	125	72	7	144	894
10363.0	CM	M107	100	133	54	34	144	112	147	45	49	103	866
10404.3	CM	M108	131	90	54	49	43	85	78	129	0	60	887
10480.2	C	M109	57	42	622
10520.4	CM	M110	125	120	99	92	87	57	119	130	145	73	944
10607.9	CM	M111	59	113	48	31	35	41	98	124	800
10620.1	CM	M112	34	54	2	134	147	148	32	19	4	87	992
10667.7	CM	M113	77	139	69	106	113	122	115	130	652
10669.6	CM	M114	138	13	52	983
10752.2	CM	M115	123	79	94	580
10827.0	CM	M116	77	42	145	33	71	39	1	92	53	615
10840.1	CM	M117	8	31	89	144	828
10869.9	CM	M118	14	85	127	797
10918.6	CM	M119	108	114	45	91	2	133	45	90	111	516
10980.9	C	M120	23	2	610
11079.7	CM	M121	14	41	12	41	744
11093.2	CM	M122	22	82	115	786
11093.5	CM	M123	59	144	68	101	46	860
11121.1	C	M124	114	116	854
11140.7	CM	M125	107	133	103	6	38	112	805
11153.2	CM	M126	88	7	117	2	13	122	65	113	645
11179.6	CM	M127	117	130	63	6	66	97	125	38	48	116	702
11183.2	CM	M128	15	24	28	16	52	687
11396.2	CM	M129	65	88	146	113	42	74	121	988
11399.4	C	M130	15	7	870
11411.2	CM	M131	48	49	30	147	96	74	62	128	68	121	845
11465.7	C	M132	124	15	642
11601.2	CM	M133	117	48	26	31	57	135	32	16	894
11641.6	CM	M134	33	147	103	88	117	35	12	65	100	581
11657.8	CM	M135	34	122	10	51	110	63	103	893
11659.0	CM	M136	70	25	50	62	126	109	681
11746.5	CM	M137	43	148	97	93	630
11834.9	CM	M138	34	135	57	64	31	1	38	82	946
12080.9	CM	M139	0	49	118	89	557
12153.3	CM	M140	124	111	140	116	749
12487.3	CM	M141	65	130	92	35	1	104	546
12517.9	CM	M142	149	109	120	43	36	12	25	52	29	658
12651.0	CM	M143	44	121	91	128	42	845
12660.4	CM	M144	141	119	64	106	48	111	51	67	503
12853.7	CM	M145	116	52	125	1	26	58	106	147	551
12856.6	CM	M146	68	135	107	32	22	126	54	37	6	63	967
12911.6	CM	M147	24	122	139	15	44	38	29	26	91	549
12975.3	CM	M148	68	3	8	115	23	14	959
13136.1	CM	M149	74	57	8	127	100	22	124	15	119	57	852
13152.6	CM	M150	17	130	38	114	61	142	73	124	51	12	790
13171.7	CM	M151	130	62	143	50	631
13243.7	CM	M152	51	140	62	719
13255.5	CM	M153	139	20	98	0	125	78	4	132	49	577
13319.5	CM	M154	148	68	145	133	51	6	20	88	655
13438.4	CM	M155	19	137	39	597
13456.7	CM	M156	67	136	128	10	126	710
13457.7	CM	M157	10	107	110	74	829
13464.8	C	M158	90	131	730
13510.1	CM	M159	81	10	93	612
13579.0	CM	M160	71	106	86	97	23	127	70	130	670
13708.1	CM	M161	120	122	49	62	619
13748.7	CM	M162	135	113	54	69	124	146	899
13767.9	CM	M163	9	25	15	937
13848.1	C	M164	139	141	941
13878.4	CM	M165	18	125	28	33	97	111	969
13901.0	CM	M166	103	26	81	131	1	68	41	504
13967.5	CM	M167	8	21	101	663
14068.7	CM	M168	51	55	120	97	118	61	104	16	61	832
14236.0	C	M169	145	10	517
14258.0	C	M170	98	54	993
14300.1	CM	M171	98	65	53	17	44	762
14482.8	CM	M172	16	62	115	786
14487.4	CM	M173	142	69	44	136	88	141	642
14512.0	C	M174	56	123	786
14547.5	CM	M175	23	79	115	73	48	42	26	41	142	659
14644.1	CM	M176	55	123	146	0	94	96	66	63	30	662
14819.4	CM	M177	88	11	54	92	108	111	62	736
14825.2	CM	M178	35	111	99	842
14863.4	CM	M179	102	58	30	879
14983.7	CM	M180	117	149	67	24	136	24	125	27	754
14984.4	CM	M181	3	91	95	31	23	130	146	114	8	627
15113.9	CM	M182	12	2	137	142	11	19	127	11	101	22	883
15273.7	CM	M183	55	58	142	105	60	18	138	118	50	140	955
15318.1	CM	M184	36	59	107	115	103	124	136	19	894
15362.8	CM	M185	117	58	139	65	85	92	64	123	654
15394.1	CM	M186	137	60	95	74	40	42	94	103	763
15410.3	CM	M187	90	45	125	126	514
15454.6	CM	M188	3	21	137	99	120	8	46	121	12	667
15457.4	CM	M189	49	54	8	790
15701.7	CM	M190	119	108	27	64	55	59	90	18	92	15	529
15789.9	CM	M191	89	144	41	123	122	29	116	0	71	129	850
15834.2	CM	M192	49	131	19	95	43	60	92	727
15865.6	CM	M193	21	52	80	67	696
15958.7	CM	M194	47	32	108	74	71	88	93	739
16086.9	CM	M195	75	41	96	112	27	5	41	726
16103.0	CM	M196	105	12	54	6	31	50	142	567
16266.9	C	M197	125	116	773
16467.1	CM	M198	136	55	137	118	727
16505.3	CM	M199	27	139	58	45	57	15	48	46	821
16557.5	CM	M200	134	9	117	115	139	124	48	118	66	791
16581.7	CM	M201	146	80	107	66	692
16655.8	CM	M202	74	69	149	58	132	142	128	18	952
16942.6	CM	M203	14	94	38	112	21	130	634
17011.6	CM	M204	9	27	37	62	65	48	108	680
17146.5	CM	M205	40	75	107	108	917
17198.9	CM	M206	94	87	73	78	20	114	27	955
17233.5	CM	M207	101	122	15	91	140	1	60	97	55	17	559
17285.0	CM	M208	2	12	43	8	47	23	52	804
17321.9	C	M209	82	20	866
17422.0	CM	M210	5	32	72	20	23	85	38	0	4	731
17443.3	CM	M211	8	107	112	65	106	929
17467.6	CM	M212	130	139	93	23	139	61	41	19	100	124	831
17505.5	CM	M213	3	73	116	121	38	23	92	652
17646.1	CM	M214	114	55	25	834
17717.8	CM	M215	103	61	39	656
17949.6	CM	M216	61	109	93	57	136	2	119	37	111	863
18294.9	CM	M217	137	105	78	148	116	63	50	139	0	808
18365.2	CM	M218	123	143	57	139	42	40	80	86	145	95	631
18432.6	CM	M219	33	2	27	120	27	674
18518.1	CM	M220	132	96	142	59	30	6	27	146	138	112	926
18627.1	CM	M221	50	30	134	10	88	4	120	32	754
18973.2	CM	M222	129	9	45	107	52	86	126	103	723
19253.4	C	M223	6	11	937
19409.5	CM	M224	39	105	85	89	91	123	706
19549.8	CM	M225	87	86	7	737
19601.6	CM	M226	37	95	117	4	96	8	88	63	564
19656.6	CM	M227	57	62	125	147	77	149	137	115	132	684
19681.9	CM	M228	134	89	115	75	117	559
19700.8	CM	M229	60	84	124	97	748
19955.3	CM	M230	143	149	25	2	22	127	80	59	120	978
20024.7	CM	M231	97	58	16	90	65	883
20124.9	CM	M232	64	139	101	1	48	145	17	47	778
20143.3	CM	M233	23	80	144	145	85	140	117	76	126	131	818
20208.8	C	M234	143	16	789
20231.0	CM	M235	88	53	121	92	30	634
20250.1	CM	M236	93	5	37	139	53	123	17	115	140	550
20324.6	CM	M237	83	91	119	144	98	62	140	68	102	855
20473.0	CM	M238	72	115	88	81	35	77	8	56	117	606
20537.0	CM	M239	86	138	2	29	25	72	141	91	32	935
20579.9	CM	M240	9	126	30	699
20621.6	CM	M241	144	88	34	629
20632.5	C	M242	140	34	868
20708.8	CM	M243	41	67	91	64	50	19	131	119	801
20852.1	CM	M244	86	142	68	103	581
20871.4	C	M245	42	18	997
20891.9	CM	M246	6	115	72	891
20942.6	CM	M247	135	106	9	122	838
20958.0	CM	M248	45	74	3	86	991
21183.2	C	M249	142	71	899
21244.7	CM	M250	149	59	29	40	51	696
21288.4	CM	M251	102	140	61	105	586
21436.8	CM	M252	3	114	73	143	64	544
21830.0	CM	M253	26	48	134	40	4	16	940
21845.6	CM	M254	34	108	129	48	69	63	16	558
21855.6	CM	M255	37	83	8	106	149	103	76	29	743
22009.7	CM	M256	131	11	61	585
22011.0	CM	M257	59	41	12	123	17	25	828
22056.9	CM	M258	112	96	80	91	56	804
22119.6	CM	M259	107	142	5	62	54	100	84	26	121	813
22126.3	CM	M260	69	105	70	29	60	776
22162.9	CM	M261	17	54	15	93	24	100	135	10	657
22322.3	CM	M262	97	30	11	22	54	66	75	77	10	103	896
22343.6	C	M263	116	77	604
22362.2	CM	M264	76	56	62	827
22444.2	CM	M265	141	37	117	14	148	80	79	896
22459.4	CM	M266	25	132	20	525
22540.8	CM	M267	84	102	74	49	1	141	21	43	119	797
22737.7	CM	M268	132	133	134	37	52	19	55	5	0	48	814
22740.7	CM	M269	112	86	17	78	835
22965.9	C	M270	121	98	906
23001.2	CM	M271	131	144	46	116	143	120	783
23014.8	CM	M272	32	52	4	762
23107.1	CM	M273	121	25	1	145	88	2	16	75	723
23149.0	CM	M274	112	128	120	103	96	9	26	95	78	892
23149.4	CM	M275	87	64	75	10	842
23164.6	CM	M276	79	13	45	132	123	53	141	885
23275.1	C	M277	86	126	849
23278.0	CM	M278	80	123	101	43	115	48	606
23455.1	CM	M279	17	56	139	106	93	132	991
23591.0	CM	M280	18	73	90	842
23685.0	CM	M281	115	93	41	136	125	31	45	127	139	53	919
23848.5	CM	M282	77	48	48	53	11	39	113	708
23941.1	CM	M283	21	147	40	56	144	84	147	108	562
24030.3	CM	M284	141	79	32	114	104	138	146	106	17	845
24076.4	CM	M285	78	63	89	143	89	135	101	94	63	824
24263.9	CM	M286	92	66	21	48	143	148	39	40	68	901
24330.1	CM	M287	5	42	71	120	75	113	43	29	42	629
24379.0	CM	M288	24	108	86	99	766
24393.6	CM	M289	14	66	28	79	58	117	566
24415.6	CM	M290	74	77	73	11	51	54	96	672
24440.6	CM	M291	97	79	57	145	68	113	86	53	80	40	955
24462.3	CM	M292	47	90	8	38	864
24473.9	CM	M293	129	67	37	89	831
24488.6	C	M294	94	113	936
24548.1	CM	M295	49	126	19	9	61	143	148	147	129	108	569
24603.2	CM	M296	20	112	44	148	103	62	110	123	30	803
24655.0	CM	M297	103	74	50	34	120	43	132	60	146	39	966
24678.7	CM	M298	111	103	7	107	28	113	77	30	92	46	859
24826.6	CM	M299	1	123	31	972
24934.6	CM	M300	98	90	10	61	130	78	81	114	18	979
25177.3	CM	M301	122	127	17	933
25213.5	CM	M302	94	61	37	58	722
25218.9	CM	M303	138	44	29	25	66	123	48	99	887
25256.4	CM	M304	111	43	36	133	65	121	103	70	803
25514.6	CM	M305	145	45	66	62	103	104	744
25535.8	CM	M306	134	112	129	91	140	36	143	135	718
25768.6	CM	M307	119	5	84	127	126	75	84	130	839
25789.6	CM	M308	128	53	106	42	69	68	721
25965.0	CM	M309	123	132	124	100	80	11	634
26041.1	CM	M310	86	105	5	52	36	18	19	112	116	28	707
26246.7	CM	M311	81	92	32	96	806
26369.9	CM	M312	84	77	107	83	1	48	830
26431.3	CM	M313	100	123	1	0	529
26495.8	C	M314	52	75	694
26504.1	CM	M315	112	113	113	32	73	26	101	106	136	802
26569.7	CM	M316	51	138	148	66	25	22	143	22	110	703
26642.5	CM	M317	23	149	32	83	99	4	12	26	76	65	879
26705.0	CM	M318	37	138	143	41	5	26	55	555
26805.7	C	M319	129	126	567
27055.2	CM	M320	114	80	5	46	75	51	98	58	19	799
27290.5	CM	M321	29	66	11	135	108	588
27424.2	CM	M322	127	82	9	59	92	860
27554.9	C	M323	31	139	630
27597.9	CM	M324	117	96	84	61	72	90	24	59	76	637
27707.3	C	M325	67	1	693
27764.3	CM	M326	54	36	12	80	116	20	86	130	18	77	704
27871.1	CM	M327	42	30	5	17	110	2	36	60	105	149	682
27913.9	CM	M328	100	32	135	666
27931.8	CM	M329	42	111	81	120	45	105	22	963
27965.6	CM	M330	114	89	122	23	41	75	87	791
28069.8	CM	M331	104	130	146	900
28127.4	CM	M332	143	74	131	36	848
28133.6	CM	M333	47	7	104	104	46	134	88	998
28175.2	CM	M334	129	11	136	29	147	618
28218.5	C	M335	20	126	790
28319.5	CM	M336	73	102	12	118	72	142	64	810
28330.1	CM	M337	95	108	78	78	41	785
28358.3	CM	M338	20	45	78	70	102	115	673
28421.4	CM	M339	132	42	119	147	131	67	88	954
28512.1	CM	M340	72	89	74	701
28728.4	CM	M341	119	147	24	128	26	31	7	915
28745.5	CM	M342	85	132	51	94	4	902
28775.9	CM	M343	14	83	95	133	146	110	51	71	110	133	890
29090.6	CM	M344	130	82	18	6	29	10	541
29435.3	C	M345	122	38	814
29582.6	CM	M346	17	58	75	13	131	836
29678.4	CM	M347	61	123	146	105	54	30	113	945
30028.0	CM	M348	58	75	103	20	786
30182.5	CM	M349	4	118	47	87	35	57	112	44	146	122	909
30266.0	CM	M350	87	71	33	25	114	37	128	113	94	723
30307.4	C	M351	60	56	942
30512.0	CM	M352	122	112	143	103	79	12	24	51	28	681
30575.6	CM	M353	108	113	138	59	66	32	93	531
30610.9	CM	M354	29	23	14	142	958
30756.8	CM	M355	130	65	61	47	695
30853.6	CM	M356	149	137	86	23	15	87	76	11	652
30991.0	CM	M357	38	82	58	0	61	142	518
31016.2	CM	M358	73	55	4	71	87	41	657
31055.6	CM	M359	15	142	43	0	23	132	79	869
31151.0	CM	M360	122	143	29	75	604
31179.8	CM	M361	29	81	98	54	4	63	56	850
31273.5	CM	M362	94	84	3	141	69	3	95	943
31280.1	CM	M363	46	43	138	18	714
31285.9	CM	M364	20	141	12	29	131	44	87	133	545
31436.9	CM	M365	113	108	48	660
31457.6	CM	M366	56	3	57	80	89	949
31498.7	C	M367	101	78	910
31539.5	CM	M368	57	0	51	72	71	8	114	69	141	538
31543.2	CM	M369	3	50	82	133	664
31553.7	CM	M370	120	11	133	107	26	54	767
31637.6	C	M371	117	104	537
31848.8	CM	M372	60	48	95	92	121	96	145	113	698
31856.7	CM	M373	57	144	97	988
32052.5	CM	M374	99	15	64	137	115	561
32177.1	CM	M375	85	32	74	143	140	112	15	148	629
32300.7	CM	M376	130	19	73	568
32371.4	CM	M377	63	15	107	127	650
32415.5	CM	M378	58	53	43	28	7	635
32445.0	CM	M379	22	29	111	9	63	810
32633.5	CM	M380	130	89	18	63	614
32746.6	C	M381	111	120	694
32815.7	CM	M382	123	118	108	628
32837.6	CM	M383	65	96	60	32	33	10	116	140	660
33100.6	CM	M384	129	27	94	101	766
33123.8	CM	M385	7	123	134	146	17	23	42	116	52	732
33159.9	CM	M386	115	87	1	11	67	51	2	43	145	736
33358.8	CM	M387	108	129	1	501
33540.0	CM	M388	76	140	34	98	67	709
33556.3	CM	M389	6	33	113	586
33703.0	CM	M390	6	80	23	729
33805.9	CM	M391	64	15	142	135	44	104	30	593
33969.0	CM	M392	8	104	137	82	39	38	74	679
34227.4	CM	M393	107	60	44	131	75	90	104	108	673
34386.9	CM	M394	113	64	43	111	107	784
34409.5	CM	M395	114	74	2	10	75	38	47	6	4	892
34442.1	CM	M396	50	113	14	107	126	44	81	34	90	958
34563.4	CM	M397	48	56	147	136	65	924
34585.8	CM	M398	145	51	149	20	44	1	2	133	4	90	996
34619.5	CM	M399	74	139	52	67	94	88	144	35	33	556
34667.7	C	M400	10	94	924
34972.1	CM	M401	65	92	30	68	79	104	128	673
35005.1	CM	M402	78	3	79	136	14	5	127	91	693
35030.1	CM	M403	34	25	103	142	71	45	17	518
35054.8	CM	M404	147	119	29	137	32	110	144	46	844
35068.9	CM	M405	100	39	57	638
35140.7	CM	M406	93	66	15	90	107	108	502
35300.5	CM	M407	87	111	107	43	126	101	33	37	22	12	657
35453.6	CM	M408	65	19	39	147	116	17	100	84	131	84	775
35658.9	CM	M409	4	2	132	85	69	146	10	784
35735.8	C	M410	51	34	852
35887.2	CM	M411	51	50	140	29	102	585
35906.1	CM	M412	85	23	124	48	19	136	47	57	799
36094.2	CM	M413	39	76	1	38	132	94	115	135	42	789
36124.9	C	M414	72	49	632
36172.9	CM	M415	36	68	100	123	66	74	103	881
36178.2	CM	M416	11	26	101	114	56	74	12	73	985
36203.6	C	M417	25	112	619
36326.6	CM	M418	86	138	88	5	11	20	140	85	14	43	749
36354.3	CM	M419	109	62	115	55	57	11	112	19	920
36514.5	CM	M420	121	50	129	40	853
36642.6	CM	M421	62	124	51	102	714
36774.4	CM	M422	139	36	120	24	91	32	69	34	129	997
36901.8	CM	M423	103	83	125	3	718
36938.2	CM	M424	52	120	69	917
36952.8	C	M425	48	139	955
37071.5	CM	M426	134	62	15	14	126	53	40	925
37335.4	CM	M427	97	38	120	133	559
37404.8	CM	M428	20	6	35	765
37424.9	CM	M429	53	15	46	130	141	19	119	664
37466.1	CM	M430	68	14	119	115	34	46	67	32	133	121	783
37700.2	CM	M431	107	147	10	636
37732.7	CM	M432	127	145	122	138	998
37865.4	CM	M433	26	23	54	128	933
38018.4	CM	M434	34	57	61	43	32	2	91	8	841
38074.0	CM	M435	76	143	63	8	101	129	113	54	39	22	781
38086.6	CM	M436	117	93	110	133	75	50	102	803
38113.4	C	M437	130	140	581
38135.3	CM	M438	75	2	59	56	104	100	43	31	70	932
38185.3	CM	M439	31	33	76	69	125	90	51	743
38275.9	CM	M440	130	57	71	91	955
38304.9	CM	M441	135	83	107	112	41	104	44	139	23	52	771
38426.0	CM	M442	140	79	37	105	66	927
38505.6	CM	M443	120	146	148	135	15	113	623
38509.5	CM	M444	131	70	112	43	659
38629.0	CM	M445	108	28	48	74	128	118	83	47	13	893
38638.9	CM	M446	25	76	74	141	96	623
38684.6	CM	M447	100	27	22	83	667
38810.5	C	M448	2	85	765
38832.7	CM	M449	97	42	21	114	63	12	22	58	148	992
38859.8	CM	M450	125	114	23	93	49	38	104	18	133	19	604
38906.8	CM	M451	148	101	137	80	10	74	144	802
38916.4	CM	M452	26	14	40	65	71	77	16	14	616
39043.6	CM	M453	86	119	11	119	94	77	849
39166.5	CM	M454	11	87	119	52	61	96	62	5	131	945
39197.7	C	M455	112	6	608
39328.7	CM	M456	22	5	5	92	115	922
39336.8	CM	M457	130	138	99	71	12	31	32	149	143	73	913
39407.7	CM	M458	106	38	49	133	73	54	881
39442.2	CM	M459	147	113	76	17	86	52	5	138	594
39581.5	CM	M460	83	101	122	106	620
39636.9	CM	M461	137	139	149	143	101	885
39802.7	CM	M462	18	5	114	51	34	55	146	633
39837.1	CM	M463	14	109	50	48	774
39976.2	CM	M464	21	126	31	88	1	89	48	118	982
40072.7	CM	M465	41	145	115	18	99	32	95	120	74	138	648
40075.7	CM	M466	135	111	132	104	584
40097.1	CM	M467	27	109	132	60	522
40118.1	CM	M468	70	45	111	128	105	97	112	136	106	149	750
40174.4	CM	M469	118	84	107	91	34	124	12	67	93	769
40333.1	CM	M470	34	27	24	97	15	139	532
40438.4	CM	M471	43	45	24	936
40481.1	CM	M472	111	147	58	108	11	70	139	14	841
40528.2	CM	M473	53	104	43	533
40634.7	C	M474	99	58	776
40647.1	CM	M475	56	130	25	137	11	123	147	794
40795.6	CM	M476	48	103	15	740
40884.0	CM	M477	132	120	94	18	16	6	17	646
40925.0	CM	M478	135	85	25	110	106	149	33	103	33	17	835
40955.1	CM	M479	22	17	35	813
41065.8	CM	M480	146	142	12	103	120	28	101	42	120	727
41107.8	CM	M481	102	63	132	48	798
41139.1	CM	M482	56	57	36	731
41206.8	C	M483	30	58	950
41335.8	CM	M484	36	97	86	91	9	76	141	56	33	88	702
41493.4	CM	M485	135	64	91	132	101	127	523
41623.1	CM	M486	72	123	33	853
41633.2	CM	M487	40	98	90	89	118	35	111	72	88	69	832
41635.8	CM	M488	67	37	64	590
41812.2	CM	M489	39	49	68	142	137	140	131	46	820
41812.3	CM	M490	28	44	48	48	79	83	43	132	915
41911.1	CM	M491	115	135	129	107	13	34	68	18	106	646
41922.1	CM	M492	68	30	37	104	43	31	56	56	61	13	608
42091.6	CM	M493	86	32	79	50	147	71	68	60	79	120	829
42235.2	C	M494	42	115	876
42380.6	CM	M495	144	27	44	911
42436.6	CM	M496	88	84	105	8	921
42445.9	CM	M497	24	87	6	146	92	587
42523.2	C	M498	0	47	644
42763.6	CM	M499	147	95	132	10	862
42935.8	CM	M500	72	52	107	131	83	106	34	90	78	87	888
