27.7	CM	M1	800	567	475	986	713	348	698	297	821	642
61.4	C	M2	695	188	700
70.6	CM	M3	196	279	656	442	493	132	297	697	904	858
215.1	CM	M4	510	630	631	147	369	939	373	554	315	822
250.7	CM	M5	872	623	610	710	528	323	893	711	994	791
359.3	CM	M6	204	776	214	599
471.3	CM	M7	132	155	89	660	729	974	909
488.0	CM	M8	409	29	112	505
509.0	CM	M9	640	871	818	849	994	722
706.8	CM	M10	509	89	268	510	510	654	869
719.5	CM	M11	439	563	490	573	638	294	843
720.2	CM	M12	372	802	506	114	389	850
728.6	CM	M13	830	597	513	556	934
819.4	CM	M14	761	62	411	632	789	470	625	104	755
832.8	CM	M15	178	710	114	808	903
833.8	CM	M16	364	240	347	52	926	636	613
838.2	CM	M17	871	629	894	568	947
850.5	CM	M18	46	159	442	443	529	862
947.2	CM	M19	380	933	444	251	287	897	139	552
1049.8	CM	M20	651	743	950	329	543	305	966	533
1192.4	C	M21	709	794	961
1245.9	C	M22	987	412	656
1259.3	C	M23	237	308	874
1407.9	CM	M24	499	204	254	325	952	534	930	222	681	808
1568.4	CM	M25	169	320	161	162	811	731	731
1591.5	CM	M26	480	330	919	188	720
1643.6	CM	M27	606	187	746	47	624	719	673	628
1739.2	CM	M28	668	753	505	840	861
1782.1	CM	M29	7	996	821	635	445	407	400	774
1833.5	CM	M30	145	288	579	470	792
1883.9	CM	M31	125	206	607	814	467	878
1903.2	CM	M32	402	414	196	534	461	375	487	940
2014.0	CM	M33	178	20	403	798
2015.6	C	M34	394	325	911
2042.4	CM	M35	121	241	25	323	669	831	479	422	689
2058.3	CM	M36	374	716	345	5	546	396	821	910	542
2059.6	CM	M37	230	638	414	498	833	113	780	977
2099.7	CM	M38	992	628	476	317	77	133	914	366	173	827
2173.8	CM	M39	439	942	457	652	74	629	480	929	416	815
2347.1	CM	M40	416	177	533	8	517	997	604	908	938
2570.8	CM	M41	360	627	753	334	902
2614.7	CM	M42	390	235	627	450	904
2660.0	CM	M43	600	314	787	69	895	561	152	32	681	644	928
2674.1	CM	M44	876	578	432	80	748	695	808
2757.7	CM	M45	195	250	830	115	525	994	523	609
2781.1	CM	M46	532	909	84	170	880	956	276	670	937	986
2818.7	CM	M47	207	356	905	486	981
2909.1	C	M48	839	459	739
2952.1	CM	M49	821	277	194	841
3160.6	CM	M50	25	331	704	753	996	897	911
3194.4	CM	M51	951	196	166	263	625	45	357	925	596
3205.5	CM	M52	853	118	757	829
3237.6	CM	M53	197	492	593	678	827	971	858	459	710	675
3392.4	CM	M54	208	20	363	64	828	269	246	399	238	687	766
3485.2	CM	M55	615	805	422	321	717	715	952
3622.8	CM	M56	748	246	139	451	307	561	517
3646.5	CM	M57	298	775	520	899	689
3681.3	CM	M58	743	776	164	867
3683.6	CM	M59	175	839	699	574	525	610	45	665	566	483	967
3704.2	CM	M60	496	133	756	727	684	641
3737.4	CM	M61	363	421	366	209	766
3817.7	CM	M62	223	583	508	887	788
3868.1	CM	M63	495	398	744	886	859
4116.2	CM	M64	762	696	51	707
4171.6	CM	M65	916	994	812	371	115	761	295	445	722	874
4421.9	CM	M66	914	514	501	463	639	947	738
4488.2	CM	M67	653	632	12	951	807	977	455	949	528	577	891
4652.0	CM	M68	727	153	664	923
4719.6	CM	M69	957	78	930	967
4743.7	CM	M70	658	948	857	662	511	101	651	356	739	884
4800.6	CM	M71	715	625	966	996
4885.3	CM	M72	761	610	703	227	748	906	757	958
5055.3	CM	M73	271	679	609	253	690	577
5235.8	CM	M74	296	433	349	912	412	462	811	353	198	713
5238.3	CM	M75	373	797	223	255	911	136	13	843	139	694
5295.9	CM	M76	34	730	419	522	754
5301.4	C	M77	990	158	945
5302.9	CM	M78	123	323	225	492	694
5425.7	CM	M79	892	389	169	745	479	747	459	490	814
5527.9	CM	M80	813	135	20	884	118	277	702	982
5574.0	C	M81	63	680	726
5578.1	CM	M82	20	496	369	987	492	187	119	714
5620.8	CM	M83	433	654	768	380	905	85	264	132	155	727
5687.2	CM	M84	491	966	401	82	584	468	65	754	72	629
5711.8	CM	M85	608	853	304	304	744
5719.6	C	M86	572	562	692
5913.6	CM	M87	143	147	455	965
5950.6	CM	M88	361	269	525	394	266	540	556	957	9	766
6060.1	CM	M89	195	514	603	378	659	312	435	834
6098.1	CM	M90	544	433	17	348	742
6114.4	C	M91	935	510	500
6120.3	CM	M92	443	784	721	377	763
6141.6	CM	M93	318	589	722	854	137	923	155	879
6218.0	CM	M94	759	459	817	720	797	540	905	959
6334.6	CM	M95	795	706	636	398	403	194	878	936
6374.2	CM	M96	397	701	446	51	300	133	75	893
6413.4	CM	M97	410	651	57	707	766	205	596	536
6601.1	CM	M98	152	812	115	321	527
6656.0	CM	M99	344	854	712	562
6753.1	CM	M100	864	518	399	220	970	772	637	453	618	508
6758.7	CM	M101	944	792	36	561	810	601
6764.7	CM	M102	519	267	177	634	59	817	978
6891.0	CM	M103	654	35	84	366	772	660	554	939
6931.3	CM	M104	961	876	316	541	190	897	418	599	920
6949.1	CM	M105	797	383	954	777	127	723
6960.7	CM	M106	528	599	154	912
7012.9	CM	M107	756	312	993	706
7017.1	C	M108	523	438	982
7096.7	CM	M109	789	788	117	322	414	566
7098.0	CM	M110	413	431	601	814	554	35	464	154	822
7100.8	CM	M111	99	988	255	255	944
7188.0	CM	M112	912	745	667	856	877	198	708
7459.7	CM	M113	729	506	546	747	105	879	307	392	665	866	656
7465.0	CM	M114	889	995	485	912	549	552	305	765	708	668
7713.3	C	M115	399	255	938
7770.9	CM	M116	706	49	35	918	234	392	88	559	754
7779.1	CM	M117	726	27	299	435	48	6	663	767
7786.1	CM	M118	711	41	228	841	403	235	520	840	301	699
7796.3	CM	M119	347	165	916	577	354	731	962
7963.8	C	M120	314	291	554
8418.0	CM	M121	133	489	200	638
8562.6	CM	M122	146	264	462	161	694	188	885
8805.2	CM	M123	389	543	343	545	870
8818.9	CM	M124	607	209	405	731	884
8921.7	CM	M125	860	854	35	70	610	434	961	877	635
9027.5	CM	M126	921	905	734	600	650
9076.5	CM	M127	423	411	258	622
9081.1	CM	M128	526	946	701	716	805	725	132	717	138	957
9102.2	CM	M129	234	613	794	872	886	252	969	779	750	258	920
9179.1	CM	M130	148	247	253	906	593	103	835	434	997	980
9197.5	CM	M131	545	486	398	119	798	106	21	638	915
9320.3	CM	M132	123	346	142	764	699	942
9441.1	CM	M133	1	294	868	37	981
9512.5	CM	M134	343	118	795	875	694	695
9713.1	CM	M135	895	249	332	515	421	580	243	759
9783.5	C	M136	452	512	568
9808.5	C	M137	754	718	582
10026.7	CM	M138	646	490	794	517	907	163	303	534
10059.5	C	M139	516	126	816
10172.9	CM	M140	780	672	964	701
10290.6	CM	M141	840	923	466	95	362	839	848	172	624	78	704
10343.9	CM	M142	544	788	90	942	46	459	412	389	717
10359.0	CM	M143	61	236	116	646	440	706	739	375	670
10641.9	CM	M144	152	357	338	953	407	712	567
10687.2	CM	M145	142	717	693	785	90	28	386	115	52	580
10711.3	CM	M146	983	151	967	120	970	659	881	801	830
10827.4	C	M147	969	550	735
10980.0	CM	M148	907	608	899	701
10995.5	CM	M149	402	636	233	932	501
11105.2	CM	M150	280	619	802	872	14	536
11183.4	CM	M151	790	665	503	206	331	119	194	379	897	691	751
11242.8	CM	M152	883	733	531	218	916
11273.8	CM	M153	690	735	788	583	339	150	496	587	43	629	624
11609.5	CM	M154	116	791	796	445	792
11635.6	CM	M155	178	422	518	585	87	649	735	844
11731.0	CM	M156	145	589	63	328	677	91	517
11765.0	CM	M157	665	807	764	730	248	157	408	135	783	53	840
11815.4	CM	M158	499	551	477	415	719	160	169	487	970	614
11970.1	CM	M159	482	149	605	681	747	992
12112.1	CM	M160	790	460	431	334	677	490	937
12142.6	CM	M161	889	69	211	380	281	660
12599.4	CM	M162	11	619	176	475	1	665	911	57	665	657
12658.5	CM	M163	972	99	756	931	259	334	591	919	483	534
12679.7	CM	M164	18	159	202	368	193	609	619	523	653
13051.1	CM	M165	925	154	843	352	130	281	689	444	45	726	734
13241.4	CM	M166	149	393	401	562	231	155	937	405	621	971
13299.3	C	M167	440	507	935
13315.0	CM	M168	811	894	400	693	58	721	501	218	280	814	746
13329.7	CM	M169	850	471	285	539
13437.2	CM	M170	419	144	279	773	361	575	944	705
13479.9	CM	M171	266	53	509	771
13502.6	CM	M172	579	79	946	849
13726.0	CM	M173	442	322	340	233	287	699	792
13749.0	CM	M174	21	83	293	722	611	833	731	836
13780.1	CM	M175	400	712	840	299	827
13892.1	CM	M176	786	606	226	354	576	897	61	403	721	907
13907.0	C	M177	983	464	805
13965.6	CM	M178	845	788	381	575	490	513	867	863	194	255	990
14074.8	CM	M179	771	452	54	71	518
14426.4	CM	M180	81	734	5	800
14488.5	CM	M181	62	503	641	619	760	865	209	968	529	197	736
14586.6	CM	M182	650	685	307	952
14696.0	C	M183	692	506	822
14716.1	CM	M184	191	486	288	296	652
14781.6	CM	M185	234	702	500	725	256	351	595	990	759	74	992
14884.7	CM	M186	889	700	953	801	871	943
14884.8	CM	M187	555	276	295	667	312	450	255	376	638
14907.9	CM	M188	466	736	935	63	618
14981.1	CM	M189	36	373	895	232	918	28	918	928	352	544
15001.4	CM	M190	111	422	532	202	659	544
15016.4	CM	M191	854	513	676	607	164	717
15055.0	CM	M192	611	346	173	734	625	619	891
15065.3	CM	M193	191	88	256	11	352	872	103	264	603
15097.5	CM	M194	192	38	404	125	678	868	860
15111.1	CM	M195	447	821	82	955	859
15150.9	CM	M196	364	513	932	58	925
15163.2	CM	M197	574	332	345	683	800	760	336	584	387	889
15200.2	CM	M198	991	526	156	277	847	942	900	812	677	918	914
15715.0	CM	M199	537	902	544	610	198	301	225	840
15832.2	CM	M200	611	916	418	924
16078.4	CM	M201	740	446	193	361	264	965
16146.1	CM	M202	447	197	203	897	849	865	763	54	273	578
16231.9	CM	M203	568	732	188	607	932	878	744	134	994
16310.3	CM	M204	803	244	757	604	760	128	246	543	269	25	847
16386.7	CM	M205	915	169	162	158	902	5	584	770
16591.9	CM	M206	177	630	487	216	637	524	995	827
16730.1	CM	M207	941	417	238	801	351	519	621
16845.7	CM	M208	438	527	763	509
16925.1	CM	M209	742	360	514	560
16938.2	CM	M210	942	997	216	720	497	489	484	660
17079.1	CM	M211	107	522	523	394	959	832	692	618	686
17164.5	C	M212	138	704	643
17214.7	CM	M213	747	837	338	115	966	326	624	741	421	879
17704.0	C	M214	378	566	568
17838.1	C	M215	803	475	660
17931.8	CM	M216	491	207	352	521
17937.4	CM	M217	200	568	589	604
17937.6	CM	M218	889	878	112	963	510
18243.8	CM	M219	85	110	500	141	992	3	112	347	531	789
18383.4	CM	M220	622	561	748	501
18520.1	CM	M221	44	806	517	264	128	500	170	274	695	500	630
18610.4	CM	M222	535	110	585	764	104	877	416	10	726	986
18665.2	CM	M223	250	436	687	689	502
18738.7	CM	M224	773	523	587	430	767
18791.2	CM	M225	308	71	758	282	958
18884.4	CM	M226	376	142	995	650	679	188	637	585	765
18968.6	CM	M227	770	48	344	485	293	720	794
18969.4	CM	M228	737	290	527	312	386	636	690	947	960
19038.6	CM	M229	937	789	886	525	270	209	908	649	251	739
19098.7	CM	M230	661	731	752	107	202	713	576
19176.4	CM	M231	517	25	421	1	693	829
19230.6	CM	M232	543	252	759	506	389	844
19343.6	CM	M233	674	668	208	613	573	643
19695.3	CM	M234	939	840	630	736
19699.7	CM	M235	136	97	804	500	406	869	972	565	427	379	766
19869.0	CM	M236	456	16	954	606	72	436	494	73	715
19891.9	CM	M237	848	535	269	77	607
19913.1	CM	M238	403	189	4	790	936	890	604	974	719
19931.4	CM	M239	33	99	676	100	970
19970.0	CM	M240	45	724	699	563	251	899	673	812
19970.2	C	M241	202	409	624
20241.7	CM	M242	561	795	834	874
20260.3	CM	M243	730	130	216	839	354	53	540	860
20339.9	CM	M244	977	428	528	39	586	662	902	423	703	776
20426.2	CM	M245	936	163	399	129	416	255	751	380	169	947
20431.9	CM	M246	71	491	479	160	97	861
20660.5	CM	M247	52	517	4	771
20825.6	CM	M248	5	419	731	546	259	921	217	921	219	44	987
21166.9	CM	M249	775	561	959	983	837	250	345	806	694
21189.4	CM	M250	513	253	58	868
21254.6	CM	M251	43	466	453	886	931	674	902
21320.0	CM	M252	641	987	932	211	4	888
21376.8	C	M253	107	440	606
21392.5	CM	M254	970	774	737	534	118	847	516	553	960	732	633
21456.6	CM	M255	616	9	323	988	388	833	571	636	605	771
21691.8	C	M256	156	262	515
21983.8	CM	M257	965	607	159	63	483	908	710
22126.9	CM	M258	501	331	324	890
22138.2	CM	M259	320	268	161	817	293	688	75	582	404	745
22233.1	CM	M260	727	653	54	968
22280.9	CM	M261	389	274	796	669	804	426	121	922	555
22349.7	CM	M262	66	604	690	98	910	754	710	895	142	600	826
22376.6	CM	M263	765	265	773	222	233	785	841
22407.4	CM	M264	747	683	305	192	843	737	642	288	424	636
22519.7	CM	M265	795	798	231	760
22577.9	CM	M266	750	500	783	833
22865.7	CM	M267	414	956	918	472	358	982	984	947
22961.2	CM	M268	284	295	797	70	108	344	584
23148.5	CM	M269	533	104	963	130	760	878	805	729	642
23600.0	CM	M270	716	562	959	362	903	950	534	881	216	560	677
23657.7	CM	M271	485	608	106	925	115	355	463	401	628
23861.6	CM	M272	320	275	839	118	117	864	132	66	763	541	920
24164.5	CM	M273	84	594	211	122	915	14	606	688	744
24249.5	CM	M274	236	285	348	534
24308.1	CM	M275	36	383	872	250	94	609	484	709
24548.3	C	M276	300	844	527
24559.4	CM	M277	392	119	965	81	243	298	833	664	588
24587.7	CM	M278	143	922	550	761	145	531	901
24686.3	CM	M279	917	466	275	773	783	889	712	686	335	479	841
24757.6	CM	M280	745	603	965	717
24793.8	CM	M281	126	534	969	620	574	168	996	768
24863.0	CM	M282	454	126	715	945
24881.5	CM	M283	41	982	102	849	317	194	7	906	679	969	768
25112.8	CM	M284	166	651	734	978	509	399	979	905	364	612
25188.1	CM	M285	418	784	123	358	733
25197.1	CM	M286	141	105	51	332	567	813	169	463	956
25333.4	CM	M287	412	986	53	123	602
25352.6	CM	M288	244	232	426	744
25536.3	CM	M289	237	258	370	263	942	541
25538.2	CM	M290	722	911	448	704	181	507
25652.9	CM	M291	26	346	426	551	422	500
25725.5	CM	M292	54	919	557	355	688	410	861	810	103	834
25983.5	C	M293	993	434	932
26122.7	CM	M294	174	326	502	307	139	665	225	836
26122.8	CM	M295	216	78	110	767	292	450	592	371	794
26215.1	C	M296	106	478	600
26220.1	CM	M297	488	374	856	711	123	822	840	159	395	662
26427.2	CM	M298	378	140	839	305	571	203	264	964	604
26456.5	CM	M299	910	74	389	607	292	234	863	765	729	215	919
26476.1	CM	M300	944	19	882	335	894	832
26599.1	CM	M301	577	248	320	17	263	798	16	455	677	993
26705.7	CM	M302	52	897	890	662
26730.5	C	M303	129	896	671
26741.4	C	M304	887	736	598
26785.1	C	M305	245	164	669
26885.1	CM	M306	409	398	289	294	548	557	971	639	701	427	641
26931.5	CM	M307	666	704	200	961	680	754	604	55	768
26972.3	CM	M308	799	270	370	300	770	227	813	987
27088.1	CM	M309	142	372	604	137	628	687
27102.4	CM	M310	591	101	275	959	458	293	341	408	566
27260.1	CM	M311	983	276	413	399	533	523	568
27365.5	CM	M312	887	483	272	786	288	703
27365.7	CM	M313	249	497	516	593	909
27578.9	CM	M314	975	231	600	21	629	309	896	325	769	705
27787.5	CM	M315	541	223	502	974	396	794	586	829	6	961	995
27883.7	CM	M316	168	605	930	152	910	826	620	764	819	785
28006.6	C	M317	911	175	839
28012.1	CM	M318	402	346	726	92	466	465	994	651	955	686	940
28013.2	CM	M319	17	617	365	835	694	562	601
28109.7	CM	M320	955	54	165	758	521	130	964
28152.0	CM	M321	866	435	366	624	496	48	73	696
28189.6	CM	M322	756	680	215	63	521	569	344	840
28359.6	CM	M323	175	725	187	621	524	895
28404.9	CM	M324	835	646	502	183	94	705
28573.1	CM	M325	611	389	124	495	940	560	432	549
28670.5	CM	M326	108	129	272	651	61	747	785	363	87	642
28717.8	CM	M327	142	422	464	952	239	826	119	847
28735.8	CM	M328	72	200	808	45	639	967	69	731	673	723
28858.3	CM	M329	675	575	441	727	262	837	993	124	824
28948.4	CM	M330	96	220	413	719	997
28958.2	CM	M331	419	354	160	21	689
28978.2	CM	M332	793	758	731	837
29002.3	CM	M333	366	708	466	590
29004.2	CM	M334	647	462	859	903	906	471	632	539
29244.9	CM	M335	972	36	59	103	253	591	815	122	692	623
29437.2	CM	M336	538	906	325	152	846
29495.8	CM	M337	369	836	449	139	676
29502.3	CM	M338	137	28	896	337	278	948	863
29562.9	CM	M339	826	350	49	904	340	936	202	449	944
29637.9	CM	M340	985	754	819	619	618
29689.7	CM	M341	426	6	3	147	702	412	625	26	992	235	748
29872.0	CM	M342	88	928	927	46	216	19	570
29880.4	CM	M343	18	912	602	597	482	525	878	141	752
30045.8	CM	M344	622	633	518	920	359	992
30111.9	CM	M345	383	680	361	585	376	834
30187.3	CM	M346	55	50	7	988
30208.5	CM	M347	805	298	326	438	943	122	351	334	848
30230.5	CM	M348	48	818	63	813	640	810
30305.1	CM	M349	89	546	883	76	963	518
30329.8	CM	M350	97	640	334	444	943	630
30380.7	CM	M351	522	217	38	328	432	578
30595.5	CM	M352	250	779	827	957	725	502	811
30678.5	C	M353	935	735	648
30724.1	CM	M354	773	800	213	577
30820.8	CM	M355	677	68	872	24	155	654	27	954
30912.5	CM	M356	271	367	184	140	606	51	158	105	188	769
30977.4	C	M357	11	1	959
31013.6	CM	M358	601	902	846	247	320	963
31030.2	CM	M359	417	615	93	191	400	469	49	829	576
31076.1	CM	M360	849	408	882	348	703
31095.4	CM	M361	367	409	850	114	199	909	605	360	106	731	869
31403.6	CM	M362	552	535	403	604	488	155	348	236	537	135	520
31500.7	CM	M363	630	4	458	982	437	414	696	998	501
31586.9	CM	M364	139	924	304	735	970	457	577	499	626
31636.9	CM	M365	139	511	219	541	153	341	947	832
31643.9	CM	M366	570	579	779	881	628	596
31660.5	CM	M367	663	261	672	173	14	319	857	574	796
31669.2	CM	M368	291	763	529	288	762	834	576
31911.0	CM	M369	180	368	288	528	769	774	531
31969.0	CM	M370	400	277	113	279	228	134	367	670	611
32075.2	CM	M371	532	593	850	507
32160.8	CM	M372	298	39	70	338	772	504
32257.4	CM	M373	371	80	125	743
32259.9	CM	M374	833	101	617	591	519	424	438	334	958	252	738
32371.0	CM	M375	295	938	984	97	944	547	714	542	812	832
32388.2	CM	M376	708	821	678	900	663	160	589	224	6	955
32391.4	CM	M377	499	406	19	551	318	993	714
32410.0	CM	M378	492	408	96	707	773	597	679
32417.1	CM	M379	188	359	253	581	475	652
32596.8	CM	M380	290	364	569	690
32635.2	CM	M381	855	534	379	984	239	293	84	971
32688.8	CM	M382	702	706	382	761
32711.5	CM	M383	54	804	355	610	450	629	671
32771.3	CM	M384	724	248	400	428	882	446	574
32823.7	CM	M385	393	958	641	772
32974.0	CM	M386	155	74	408	57	723	687	996	852
33065.0	C	M387	139	643	736
33096.0	CM	M388	781	516	449	242	490	181	365	853	556
33128.0	CM	M389	993	163	643	479	687	766	351	830	106	392	622
33143.7	CM	M390	430	189	589	835	917
33157.7	CM	M391	291	599	201	210	844
33315.0	CM	M392	706	434	910	727
33404.0	CM	M393	45	603	508	310	424	827	969	208	839	566
33692.0	CM	M394	972	995	256	757	110	871	476	468	709
33832.3	CM	M395	871	165	30	574
33985.5	CM	M396	656	239	688	684	553	189	616	640	229	684
34079.4	C	M397	84	325	930
34086.8	CM	M398	771	181	424	373	65	146	614	27	965	707
34116.4	CM	M399	619	445	698	994	582
34128.6	CM	M400	781	867	756	153	11	88	45	858
34137.9	CM	M401	156	673	213	497	851	924	516	147	38	516	725
34890.2	CM	M402	281	282	45	555	827
34987.7	CM	M403	46	267	966	887	943	194	57	851
35000.6	CM	M404	164	94	960	753	988	568	104	773	978
35036.0	CM	M405	157	738	793	973
35042.6	CM	M406	700	353	206	270	955
35181.8	CM	M407	548	696	223	700	569
35234.3	CM	M408	869	236	879	624	508	567	557	696	645
35250.3	C	M409	964	896	934
35279.1	CM	M410	204	991	92	672	583
35460.7	CM	M411	162	151	9	879
35484.8	CM	M412	86	916	325	831	223	491	341	385	294	484	560
35506.0	CM	M413	784	219	466	596
35593.2	CM	M414	494	87	312	844	394	476	13	638	634
35674.6	CM	M415	238	251	166	965
35700.5	CM	M416	924	982	917	428	600	522	290	334	800	908
35789.8	CM	M417	818	792	145	868	615	348	562	176	570	698
35826.6	CM	M418	726	373	602	978	107	97	76	570	461	169	653
35834.3	CM	M419	895	847	447	540
35904.9	C	M420	382	887	642
35909.7	C	M421	26	24	527
36028.7	CM	M422	375	728	250	497	366	543
36323.6	CM	M423	552	818	929	865	250	38	809	703	36	570	915
36368.4	CM	M424	966	243	754	551	664
36561.2	CM	M425	991	895	102	647	493	83	717	751	722
36563.8	CM	M426	737	217	61	432	865	672	173	961
36574.3	CM	M427	158	608	280	868	445	731	193	573
36617.1	CM	M428	137	397	38	699	717	886	507	367	916
36626.2	CM	M429	446	456	16	485	137	980	616	11	20	637	885
37010.6	CM	M430	26	925	485	922	859	993	172	169	267	620
37064.3	CM	M431	55	787	139	426	412	781	561	450	939	848
37080.1	CM	M432	985	728	782	762	71	882	305	785	792
37202.7	CM	M433	131	842	699	310	322	104	760	683
37400.6	CM	M434	733	219	583	650	219	948	717	252	496	610	860
37453.2	CM	M435	221	39	623	296	211	523	361	182	241	820
37604.0	CM	M436	816	515	850	844	779	969	673	543
37675.0	CM	M437	364	486	975	655	378	808	560	157	386	422	679
37714.6	CM	M438	413	550	66	894
37748.9	CM	M439	380	866	966	879	355	225	404	966	71	599	635
37883.8	CM	M440	548	682	118	171	95	97	203	737	511	754	909
37893.4	CM	M441	236	347	53	327	862
37897.7	C	M442	126	217	879
38021.3	CM	M443	21	517	338	880	716	876	877
38071.5	CM	M444	110	984	928	326	161	913	371	907
38100.1	CM	M445	218	921	566	599	682	148	303	591	757	984
38125.0	CM	M446	258	413	807	799	86	954
38285.6	CM	M447	861	958	498	482	878
38439.4	CM	M448	888	668	275	408	524
38479.0	CM	M449	467	571	630	773	636
38619.7	C	M450	754	863	653
38710.7	CM	M451	736	919	688	228	772	51	770	589	898
38763.4	CM	M452	107	404	15	3	433	883	21	615
38874.8	CM	M453	968	16	657	120	997	792	952	852	460	864	857
38935.7	CM	M454	933	661	191	851	72	455	733	440	811
39056.5	CM	M455	61	167	430	308	677
39061.3	CM	M456	84	531	737	118	444	157	140	744
39094.8	CM	M457	206	463	509	384	16	972	197	787	551
39389.6	CM	M458	735	849	127	984
39437.7	CM	M459	766	403	80	303	581
39702.9	C	M460	437	678	655
39843.3	CM	M461	291	600	416	837
39878.9	CM	M462	875	993	421	961	688
39906.8	C	M463	552	445	781
40004.3	CM	M464	451	122	990	973	441	738	770
40054.9	CM	M465	812	454	640	472	949
40066.6	CM	M466	108	883	592	427	58	198	871	660
40188.7	CM	M467	593	328	746	929	643
40268.2	CM	M468	418	531	355	944	815	334	725	178	838
40416.2	CM	M469	328	383	401	945	577	608
40425.5	CM	M470	3	718	606	66	901	494	683	701
40624.6	CM	M471	118	647	496	811	81	711	741	677	556
40632.2	CM	M472	443	108	131	436	874	559	826	652
40762.3	CM	M473	538	966	938	160	377	691	760
40788.2	CM	M474	437	183	667	542	913	364	162	699
40807.2	CM	M475	450	805	756	486	689	997	543	313	820	791
40907.4	CM	M476	490	893	970	963	741	711
40938.4	CM	M477	451	484	267	820
40950.9	CM	M478	376	469	473	672	756	12	568	901	479	818
40996.3	C	M479	46	737	889
41143.6	CM	M480	112	435	393	4	864	546
41192.2	CM	M481	465	655	397	852	659	561	875	424	139	899	539
41348.4	CM	M482	15	289	227	621
41378.3	C	M483	731	467	586
41459.7	CM	M484	960	904	250	155	192	589	89	359	915
41515.3	CM	M485	525	177	890	677
41518.7	CM	M486	864	821	796	694	329	536	787	302	735
41562.6	CM	M487	506	439	978	57	991
41594.4	CM	M488	67	382	625	867	754	165	478	601
41877.0	CM	M489	267	13	375	177	701
41919.8	CM	M490	70	400	172	898	720	369	203	503	278	694
42067.1	CM	M491	206	891	388	899	613	452	317	137	272	46	598
42279.9	CM	M492	957	864	2	746	567
42283.3	CM	M493	714	761	382	766	473	491	362	456	102	981
42287.9	CM	M494	752	134	446	686	917	409	757	623	646	153	536
42486.7	CM	M495	554	360	34	914	896	585	578	28	95	876
42580.1	C	M496	437	899	722
42613.8	C	M497	957	444	605
42861.2	CM	M498	751	766	209	12	312	568
42934.5	CM	M499	582	638	819	814
42972.5	CM	M500	150	601	83	772	828	202	200	129	250	796
