0 572
1 96
2 75
3 35
4 22
5 13
6 11
7 10
8 11
9 4
10 12
11 14
12 16
13 15
14 16
15 10
16 8
17 7
18 3
19 8
20 8
21 7
22 6
23 13
24 3
25 8
26 5
27 8
28 3
29 4
30 1
31 5
32 4
33 5
34 2
35 4
36 1
37 3
38 2
39 3
40 0
41 1
42 1
43 2
44 3
45 0
46 2
47 1
48 2
49 2
50 1
51 0
52 5
53 1
54 1
55 1
56 2
57 2
58 0
59 2
60 0
61 0
62 2
63 1
64 0
65 2
66 2
67 1
68 0
69 0
70 0
71 0
72 2
73 0
74 0
75 0
76 1
77 1
78 0
79 1
80 0
81 0
82 1
83 0
84 0
85 0
86 0
87 0
88 0
89 0
90 1
91 0
92 0
93 0
94 0
95 0
96 1
97 0
98 0
99 0
100 0
101 0
102 0
103 1
104 0
105 0
106 0
107 0
108 0
109 1
110 0
111 0
112 0
113 0
114 0
115 0
116 0
117 0
118 0
119 0
120 1
121 1
122 0
123 0
124 0
125 1
126 0
127 0
128 1
129 0
130 0
131 0
132 0
133 1
134 0
135 1
136 0
137 0
138 0
139 0
140 0
141 0
142 0
143 0
144 0
145 0
146 1
147 0
148 0
149 0
150 1
151 0
152 0
153 0
154 0
155 1
156 0
157 0
158 1
159 0
160 0
161 0
162 0
163 1
164 0
165 0
166 0
167 0
168 0
169 0
170 1
