0	0	0
1	0	0
2	0	0
3	20	9
4	12	8
5	0	0
6	1	1
7	13	9
8	0	0
9	0	0
10	22	7
11	5	5
12	0	0
13	1	1
14	2	2
15	12	10
16	0	0
17	0	0
18	12	8
19	0	0
20	0	0
21	11	8
22	0	0
23	2	2
24	0	0
25	0	0
26	32	15
27	26	15
28	0	0
29	0	0
30	0	0
31	4	4
32	0	0
33	0	0
34	0	0
35	0	0
36	4	4
37	19	18
38	43	29
39	1	1
40	46	29
41	2	2
42	0	0
43	1	1
44	2	2
45	1	1
46	0	0
47	1	1
48	0	0
49	9	7
50	2	2
51	1	1
52	15	15
53	1	1
54	38	15
55	0	0
56	1	1
57	0	0
58	0	0
59	1	1
60	2	2
61	82	7
62	36	33
63	0	0
64	21	16
65	15	8
66	0	0
67	1	1
68	3	3
69	34	12
70	0	0
71	8	8
72	22	17
73	4	4
74	49	7
75	1	1
76	76	25
77	4	4
78	0	0
79	3	3
80	23	19
81	52	13
82	10	10
83	0	0
84	16	12
85	0	0
86	14	3
87	52	31
88	16	9
89	0	0
90	3	3
91	21	14
92	2	2
93	14	10
94	1	1
95	5	5
96	0	0
97	0	0
98	0	0
99	0	0
100	0	0
101	26	12
102	0	0
103	0	0
104	35	22
105	59	14
106	14	10
107	0	0
108	0	0
109	0	0
110	1	1
111	1	1
112	3	3
113	35	8
114	67	39
115	23	11
116	1	1
117	22	19
118	14	10
119	52	10
120	4	2
121	2	2
122	0	0
123	0	0
124	0	0
125	1	1
126	8	8
127	19	15
128	0	0
129	0	0
130	0	0
131	3	3
132	2	2
133	62	27
134	47	16
135	6	6
136	6	6
137	77	11
138	2	2
139	3	3
140	57	7
141	1	1
142	1	1
143	2	2
144	3	3
145	2	1
146	11	4
147	1	1
148	6	6
149	52	13
150	8	5
151	0	0
152	53	6
153	1	1
154	21	8
155	5	2
156	0	0
157	0	0
158	0	0
159	0	0
160	0	0
161	0	0
162	14	8
163	12	10
164	31	22
165	59	9
166	4	4
167	0	0
168	0	0
169	0	0
170	0	0
171	0	0
172	4	3
173	0	0
174	27	7
175	0	0
176	0	0
177	0	0
178	0	0
179	17	6
180	0	0
181	23	7
182	29	21
183	8	8
184	0	0
185	0	0
186	2	2
187	19	10
188	12	6
189	0	0
190	7	3
191	0	0
192	14	8
193	0	0
194	0	0
195	43	17
196	0	0
197	2	2
198	0	0
199	0	0
200	1	1
201	2	2
202	0	0
203	0	0
204	0	0
205	2	2
206	0	0
207	0	0
208	14	11
209	0	0
210	0	0
211	12	9
212	0	0
213	1	1
214	0	0
215	1	1
216	1	1
217	0	0
218	0	0
219	0	0
220	0	0
221	1	1
222	0	0
223	8	3
224	0	0
225	0	0
226	35	6
227	33	8
228	0	0
229	0	0
230	0	0
231	0	0
232	6	6
233	23	10
234	4	4
235	0	0
236	0	0
237	0	0
238	4	2
239	50	13
240	0	0
241	0	0
242	0	0
243	0	0
244	0	0
245	0	0
246	1	1
247	37	23
248	0	0
249	10	10
250	0	0
251	0	0
252	0	0
253	10	8
254	0	0
255	0	0
256	1	1
257	29	20
258	0	0
259	0	0
260	0	0
261	0	0
262	2	2
263	0	0
264	0	0
265	3	3
266	7	7
267	2	2
268	15	13
269	5	5
270	0	0
271	0	0
272	21	17
273	0	0
274	2	2
275	2	2
276	62	33
277	0	0
278	0	0
279	0	0
280	0	0
281	14	13
282	0	0
283	0	0
284	8	8
285	3	3
286	0	0
287	3	3
288	3	3
289	2	2
290	0	0
291	0	0
292	0	0
293	0	0
294	0	0
295	0	0
296	0	0
297	0	0
298	0	0
299	2	2
300	3	3
301	0	0
302	2	2
303	0	0
304	0	0
305	2	2
306	0	0
307	0	0
308	33	20
309	0	0
310	0	0
311	0	0
312	16	15
313	0	0
314	11	10
315	0	0
316	0	0
317	0	0
318	3	3
319	39	5
320	0	0
321	1	1
322	16	9
323	0	0
324	0	0
325	0	0
326	0	0
327	0	0
328	0	0
329	0	0
330	0	0
331	23	18
332	0	0
333	2	2
334	0	0
335	35	25
336	39	4
337	0	0
338	0	0
339	31	20
340	0	0
341	0	0
342	0	0
343	1	1
344	0	0
345	0	0
346	1	1
347	0	0
348	0	0
349	6	6
350	0	0
351	0	0
352	0	0
353	3	2
354	32	21
355	31	20
356	0	0
357	13	7
358	0	0
359	0	0
360	0	0
361	24	17
362	11	10
363	0	0
364	0	0
365	0	0
366	10	10
367	2	2
368	3	3
369	21	5
370	0	0
371	0	0
372	0	0
373	17	4
374	2	2
375	2	2
376	2	2
377	25	12
378	0	0
379	11	4
380	0	0
381	0	0
382	0	0
383	0	0
384	0	0
385	0	0
386	0	0
387	21	5
388	3	3
389	0	0
390	17	17
391	0	0
392	0	0
393	1	1
394	0	0
395	0	0
396	4	4
397	0	0
398	0	0
399	0	0
400	0	0
401	2	2
402	0	0
403	14	6
404	10	10
405	18	9
406	31	24
407	4	3
408	12	6
409	0	0
410	0	0
411	5	5
412	1	1
413	0	0
414	6	6
415	3	3
416	10	7
417	20	20
418	13	7
419	0	0
420	0	0
421	0	0
422	0	0
423	0	0
424	2	2
425	0	0
426	0	0
427	2	2
428	30	21
429	11	11
430	0	0
431	0	0
432	0	0
433	0	0
434	15	6
435	0	0
436	1	1
437	0	0
438	0	0
439	54	9
440	14	13
441	2	2
442	0	0
443	1	1
444	2	2
445	0	0
446	6	5
447	0	0
448	13	9
449	0	0
450	25	18
451	0	0
452	1	1
453	3	3
454	0	0
455	0	0
456	44	27
457	15	8
458	5	5
459	0	0
460	0	0
461	0	0
462	0	0
463	52	6
464	2	2
465	0	0
466	0	0
467	1	1
468	0	0
469	8	8
470	0	0
471	0	0
472	0	0
473	1	1
474	14	6
475	3	3
476	0	0
477	0	0
478	0	0
479	3	3
480	0	0
481	5	5
482	0	0
483	0	0
484	1	1
485	0	0
486	1	1
487	11	11
488	0	0
489	0	0
490	13	9
491	0	0
492	0	0
493	5	5
494	5	5
495	1	1
496	1	1
497	1	1
498	0	0
499	0	0
500	0	0
501	1	1
502	25	14
503	23	11
504	0	0
505	0	0
506	24	19
507	1	1
508	2	2
509	0	0
510	0	0
511	0	0
512	2	2
513	0	0
514	4	4
515	32	18
516	2	2
517	1	1
518	2	2
519	1	1
520	1	1
521	0	0
522	0	0
523	57	29
524	0	0
525	0	0
526	2	2
527	1	1
528	25	10
529	1	1
530	1	1
531	0	0
532	0	0
533	19	15
534	0	0
535	0	0
536	0	0
537	1	1
538	12	5
539	3	3
540	0	0
541	0	0
542	3	3
543	0	0
544	0	0
545	3	3
546	2	2
547	0	0
548	0	0
549	0	0
550	23	11
551	8	8
552	0	0
553	1	1
554	0	0
555	0	0
556	13	12
557	0	0
558	0	0
559	1	1
560	0	0
561	0	0
562	13	11
563	1	1
564	0	0
565	4	4
566	0	0
567	12	8
568	0	0
569	0	0
570	0	0
571	24	16
572	0	0
573	11	11
574	3	3
575	1	1
576	25	14
577	0	0
578	2	2
579	0	0
580	0	0
581	34	28
582	2	2
583	0	0
584	0	0
585	0	0
586	3	3
587	0	0
588	1	1
589	63	42
590	0	0
591	12	5
592	3	3
593	27	14
594	0	0
595	17	11
596	0	0
597	0	0
598	10	7
599	0	0
600	0	0
601	0	0
602	1	1
603	1	1
604	0	0
605	10	8
606	0	0
607	7	7
608	0	0
609	27	20
610	0	0
611	2	2
612	23	11
613	23	11
614	4	4
615	0	0
616	15	7
617	0	0
618	0	0
619	38	22
620	15	8
621	0	0
622	2	1
623	0	0
624	48	24
625	0	0
626	7	6
627	0	0
628	7	7
629	0	0
630	0	0
631	27	20
632	0	0
633	0	0
634	1	1
635	1	1
636	1	1
637	0	0
638	0	0
639	13	12
640	0	0
641	12	5
642	1	1
643	37	9
644	0	0
645	2	2
646	0	0
647	28	17
648	6	6
649	0	0
650	1	1
651	3	3
652	0	0
653	11	6
654	23	11
655	1	1
656	7	7
657	0	0
658	0	0
659	1	1
660	0	0
661	15	14
662	2	2
663	0	0
664	0	0
665	0	0
666	1	1
667	0	0
668	0	0
669	0	0
670	1	1
671	2	2
672	0	0
673	0	0
674	2	2
675	14	6
676	0	0
677	27	17
678	2	2
679	2	2
680	0	0
681	0	0
682	2	2
683	27	24
684	0	0
685	0	0
686	3	2
687	0	0
688	23	7
689	20	16
690	8	8
691	0	0
692	13	13
693	0	0
694	12	10
695	0	0
696	0	0
697	3	3
698	1	1
699	0	0
700	4	3
701	3	3
702	4	4
703	0	0
704	3	3
705	0	0
706	1	1
707	2	2
708	0	0
709	9	2
710	13	10
711	49	41
712	16	12
713	9	7
714	0	0
715	18	16
716	0	0
717	0	0
718	1	1
719	1	1
720	1	1
721	72	44
722	0	0
723	0	0
724	0	0
725	13	11
726	20	16
727	0	0
728	2	2
729	19	8
730	1	1
731	0	0
732	0	0
733	26	17
734	26	22
735	8	8
736	2	2
737	33	22
738	2	2
739	37	34
740	0	0
741	23	22
742	20	20
743	0	0
744	0	0
745	15	12
746	0	0
747	6	6
748	2	2
749	29	28
750	0	0
751	0	0
752	11	4
753	5	5
754	19	3
755	0	0
756	66	49
757	0	0
758	7	2
759	2	2
760	1	1
761	15	8
762	2	2
763	5	5
764	33	26
765	39	34
766	28	26
767	20	5
768	11	11
769	5	5
770	0	0
771	0	0
772	3	3
773	0	0
774	0	0
775	0	0
776	48	41
777	0	0
778	12	5
779	25	8
780	0	0
781	0	0
782	0	0
783	0	0
784	0	0
785	1	1
786	2	2
787	17	9
788	0	0
789	18	18
790	2	2
791	0	0
792	0	0
793	1	1
794	0	0
795	1	1
796	0	0
797	2	2
798	20	16
799	1	1
800	0	0
801	1	1
802	2	2
803	41	16
804	0	0
805	4	4
806	0	0
807	26	11
808	0	0
809	1	1
810	6	6
811	22	18
812	2	2
813	0	0
814	0	0
815	13	13
816	1	1
817	0	0
818	14	12
819	1	1
820	0	0
821	27	18
822	28	14
823	9	9
824	0	0
825	0	0
826	0	0
827	0	0
828	0	0
829	19	19
830	0	0
831	6	6
832	0	0
833	16	16
834	55	34
835	44	19
836	0	0
837	0	0
838	0	0
839	0	0
840	12	5
841	0	0
842	0	0
843	20	11
844	1	1
845	0	0
846	0	0
847	7	7
848	17	11
849	0	0
850	0	0
851	0	0
852	0	0
853	0	0
854	0	0
855	14	14
856	11	11
857	0	0
858	4	4
859	0	0
860	7	7
861	25	13
862	10	9
863	0	0
864	0	0
865	56	33
866	0	0
867	46	5
868	1	1
869	0	0
870	10	10
871	0	0
872	1	1
873	0	0
874	3	3
875	0	0
876	31	11
877	0	0
878	5	5
879	21	5
880	0	0
881	2	1
882	1	1
883	0	0
884	42	18
885	0	0
886	2	2
887	0	0
888	0	0
889	0	0
890	14	7
891	0	0
892	0	0
893	0	0
894	65	41
895	44	19
896	0	0
897	0	0
898	0	0
899	1	1
900	0	0
901	3	3
902	0	0
903	10	6
904	0	0
905	2	2
906	17	13
907	0	0
908	0	0
909	11	7
910	0	0
911	1	1
912	0	0
913	2	2
914	0	0
915	7	7
916	19	15
917	13	6
918	0	0
919	12	8
920	0	0
921	1	1
922	29	24
923	0	0
924	0	0
925	0	0
926	0	0
927	0	0
928	4	4
929	0	0
930	0	0
931	0	0
932	0	0
933	0	0
934	13	9
935	23	9
936	22	10
937	0	0
938	0	0
939	0	0
940	16	9
941	0	0
942	0	0
943	0	0
944	0	0
945	8	8
946	2	2
947	33	21
948	2	2
949	0	0
950	2	2
951	1	1
952	25	19
953	0	0
954	0	0
955	1	1
956	0	0
957	0	0
958	14	14
959	22	7
960	0	0
961	4	4
962	0	0
963	1	1
964	12	11
965	0	0
966	0	0
967	0	0
968	2	2
969	0	0
970	32	18
971	2	2
972	0	0
973	0	0
974	4	4
975	0	0
976	0	0
977	0	0
978	0	0
979	1	1
980	1	1
981	13	11
982	2	2
983	4	4
984	65	41
985	11	4
986	10	10
987	2	2
988	0	0
989	0	0
990	66	51
991	3	3
992	0	0
993	0	0
994	0	0
995	0	0
996	27	23
997	16	16
998	56	38
999	1	1
1000	103	28
1001	109	33
1002	79	31
1003	72	25
1004	96	33
1005	90	33
1006	155	34
1007	158	37
1008	128	36
1009	121	33
1010	163	55
1011	170	62
1012	133	57
1013	135	60
1014	120	77
1015	125	76
1016	146	78
1017	150	80
1018	0	0
1019	0	0
1020	0	0
1021	0	0
1022	0	0
1023	0	0
1024	0	0
1025	0	0
1026	0	0
1027	0	0
1028	0	0
1029	0	0
1030	0	0
1031	0	0
1032	0	0
1033	0	0
1034	0	0
1035	0	0
1036	0	0
1037	0	0
1038	0	0
1039	0	0
1040	0	0
1041	0	0
1042	0	0
1043	0	0
1044	0	0
1045	0	0
1046	0	0
1047	0	0
1048	0	0
1049	0	0
1050	0	0
1051	0	0
1052	0	0
1053	0	0
1054	0	0
1055	0	0
1056	0	0
1057	0	0
1058	0	0
1059	0	0
1060	0	0
1061	0	0
1062	0	0
1063	0	0
1064	0	0
1065	0	0
1066	0	0
1067	0	0
1068	0	0
1069	0	0
1070	0	0
1071	0	0
1072	0	0
1073	0	0
1074	0	0
1075	0	0
1076	0	0
1077	0	0
1078	0	0
1079	0	0
1080	0	0
1081	0	0
1082	0	0
1083	0	0
1084	0	0
1085	0	0
1086	0	0
1087	0	0
1088	0	0
1089	0	0
1090	0	0
1091	0	0
1092	0	0
1093	0	0
1094	0	0
1095	0	0
1096	0	0
1097	0	0
1098	0	0
1099	0	0
1100	0	0
1101	0	0
1102	0	0
1103	0	0
1104	0	0
1105	0	0
1106	0	0
1107	0	0
1108	0	0
1109	0	0
1110	0	0
1111	0	0
